253.18638
1143.9729
494.96007
686.37671
294.44511
412.76216
256.92153
35.090143
404.6727
530.68255
1041.9132
188.78798
52.111227
1121.094
817.53706
271.43912
459.79688
46.642541
545.23414
0.82550844
239.92214
301.47477
226.97916
609.32217
234.78542
569.53948
1587.3098
838.44182
519.72379
1194.9647
282.20515
95.668598
815.39429
14.171108
232.69516
905.97823
191.42469
436.97319
363.33422
307.30499
158.65531
345.06467
159.29206
348.85248
688.8359
801.01202
292.62861
686.47511
529.7561
9.9491891
387.30232
710.82994
816.68251
114.35731
724.13138
424.74168
300.57815
815.9303
161.01722
106.89695
322.86068
526.79422
336.7039
40.41958
339.79531
41.776043
370.12591
892.29898
838.51931
132.02621
10.423797
919.03141
528.66292
465.59717
205.63403
255.29958
103.05957
863.96231
223.55749
430.88094
136.93089
157.82146
1283.4176
134.22731
157.66829
611.67585
174.95494
180.59453
777.41173
274.10979
915.15733
1386.397
287.93962
374.77631
13.54135
100.22189
13.931697
694.15583
553.87642
896.0396
127.82197
271.96305
384.80266
21.840609
205.49132
749.9336
500.90823
575.61033
258.04143
355.00566
700.60197
721.85011
440.74007
8.871752
107.48395
320.26018
408.04151
989.25422
347.34038
40.539614
492.32128
433.73702
855.58893
480.52782
449.28396
628.9893
427.58284
225.07209
211.42002
14.671926
17.525865
917.34327
348.95956
302.83196
8.8208308
508.89975
243.08975
57.724184
278.01457
303.54946
108.18352
314.82422
227.46995
122.13895
511.2481
60.496851
528.7116
195.4207
490.85887
459.73331
319.33668
89.453488
169.01763
172.62288
112.07242
683.81361
356.98754
610.79444
587.90001
914.51591
401.16944
304.83203
546.40471
235.87375
567.90538
1206.0078
407.30095
709.20147
439.17373
1282.4166
703.70574
858.50149
580.19567
781.69473
427.33275
625.6184
477.79001
664.69235
1280.5278
690.61224
962.59774
856.52249
335.22243
138.58696
19.381998
422.27867
757.4383
578.18591
542.53456
6.5959374
428.27452
126.64717
679.74339
606.06366
268.94698
474.28971
1033.956
195.32438
493.67887
742.87488
550.81947
165.59069
466.78206
970.39763
513.62168
128.29314
162.9253
333.25799
444.3734
510.06188
383.73518
726.61437
395.58037
473.51367
1235.0803
350.00652
471.62553
219.99606
427.65429
216.09531
911.39554
72.280375
24.887223
232.4633
736.30168
205.35066
458.58471
595.81918
193.99488
421.79848
620.51754
280.50613
394.28542
775.16198
1124.1918
252.29439
412.37059
702.30392
36.34901
750.12307
183.27909
887.63369
185.41677
3.9732071
817.03325
382.26852
411.12269
201.93093
427.75213
380.73881
353.18075
414.32642
191.13983
594.40971
19.832483
1169.7921
657.0847
866.29399
426.45453
172.07389
311.08288
371.58956
520.43753
506.08733
6.2292162
37.308865
215.53093
794.87817
332.27526
218.96205
230.92267
256.17498
251.69832
227.3911
674.903
575.55403
716.21657
216.48294
751.61165
138.97647
448.53872
431.49648
250.12183
672.38969
1346.6063
707.14597
0.49602031
163.51452
460.12471
256.09153
44.435651
123.02343
766.43769
97.047239
980.53124
449.31786
245.66698
42.680077
44.210153
109.43644
318.79339
506.77664
355.87934
663.02578
751.13385
269.83409
408.35594
86.056456
533.1879
212.16246
311.38943
462.9445
1210.522
4.2798274
192.12363
186.07195
511.38749
374.94535
161.24267
679.11617
121.58471
1266.9404
434.39506
450.14988
882.677
449.12191
674.07963
1208.6357
18.713569
861.14548
7.8682216
1150.6408
43.707464
394.86829
574.14997
159.85763
252.11076
184.601
1369.6567
221.56453
196.5769
744.0865
508.31243
114.43236
95.002977
871.9345
596.39028
694.5112
66.140419
1181.4771
579.3518
528.51417
350.40322
12.350992
10.730675
83.689398
96.780934
534.20264
147.14938
396.37714
422.37129
100.00353
817.22013
708.97364
1013.4201
653.91498
17.180311
1009.3095
607.15276
887.7823
216.17245
667.75088
1212.7203
805.03823
314.2391
752.87667
107.01925
402.31645
693.10606
308.08451
613.59795
405.57749
999.73181
835.14124
338.30917
1205.0286
361.61919
187.12686
1031.8816
279.52543
216.7495
558.45195
433.81564
198.14905
139.23663
208.77152
144.25978
622.22494
317.70663
796.99338
432.36718
238.37484
254.7314
161.13581
1120.1698
107.14785
262.59983
492.92812
494.91034
603.85695
548.38974
618.2061
42.07397
762.45249
13.138117
476.20135
455.83489
62.691975
366.44609
840.93584
141.32998
520.3849
583.61919
258.7214
680.59412
937.90035
265.61295
390.29602
105.06414
394.96889
372.18061
451.56693
492.00296
647.77302
526.73146
687.22537
667.36388
290.79167
299.13452
663.85302
113.83502
58.284512
192.64264
88.116435
814.83097
291.96623
114.92554
317.00212
285.69776
1192.0214
342.1924
726.32061
474.41749
384.32699
647.4314
1316.7131
69.16352
389.84285
93.304885
402.17429
12.284911
235.54658
593.24828
806.25065
700.2965
396.87798
1.1565477
335.6315
692.28119
821.66228
241.35914
820.18339
690.68608
632.56128
364.16144
1108.1635
400.67833
432.79328
171.86443
147.67727
397.9211
445.82228
242.30567
452.61898
0.89283881
931.88833
661.46333
392.26299
199.40001
205.44772
473.56696
254.7812
273.99525
778.26083
211.74654
1217.5788
436.09197
271.69922
455.49267
405.17167
38.578593
110.34958
22.25908
484.76431
875.91066
48.75742
814.72978
1274.3007
604.1967
131.00523
364.00999
55.135226
418.31888
411.82208
768.85898
281.70244
751.37092
713.35972
1120.5179
896.0801
315.48404
7.9559821
648.55536
645.90691
460.03705
321.8482
322.0216
885.36276
664.82803
160.23049
165.44738
257.99206
1192.4903
416.016
155.2673
810.70935
743.9089
84.794271
561.22194
208.21707
817.09643
120.80041
238.3108
497.01222
121.75844
180.50449
567.64092
611.22603
391.56133
125.06143
315.66592
179.89666
588.89286
707.44581
10.613511
767.4944
1301.3379
754.53013
582.69268
602.49427
368.22205
1080.712
434.07464
591.9106
354.18201
541.25403
370.09775
251.89977
102.5641
221.97865
1048.8987
837.28381
356.26437
383.16813
493.64232
201.62091
770.71539
319.31542
439.5606
581.12434
362.75326
340.74389
28.70585
506.78898
84.259114
695.70125
704.57192
292.33582
39.188334
370.45904
861.19382
176.61149
601.02716
772.87036
85.880591
236.95743
861.75349
262.66939
393.49325
521.97915
478.36491
687.24139
108.90301
954.55394
312.77463
114.40963
545.17399
211.30513
361.75482
692.77638
151.1588
207.40801
432.60703
476.36592
489.68129
67.976794
1013.2187
506.32537
660.36034
725.56338
153.89826
404.18424
125.11363
700.46798
159.17224
163.8187
380.68014
388.96527
684.54153
714.14154
623.50653
334.51777
808.52398
328.83085
284.64463
347.31181
530.5705
858.24921
1024.6783
853.79543
171.55616
801.96985
87.36302
416.59539
819.58082
286.99344
450.25377
395.01577
150.97919
907.97292
316.9112
270.8854
382.38203
566.31159
212.04618
66.492817
223.02587
66.901278
459.1389
319.56346
166.50486
732.32922
614.10388
442.50545
712.17779
275.10203
350.73946
371.85003
240.11919
742.13283
822.05822
657.06699
189.88924
507.90054
751.88425
475.93754
667.59534
532.5111
1323.1364
821.89873
167.25714
757.03931
598.82963
424.14845
619.56272
967.07147
67.664114
677.15686
925.3496
690.20216
1005.9172
620.84326
356.65573
757.69919
303.911
206.83113
399.41747
88.665054
50.791236
110.86964
189.1984
266.69521
234.80652
985.41209
99.750529
170.73303
356.57238
218.51357
883.18957
274.78857
417.23085
371.78602
86.372151
866.09906
297.6198
17.067754
203.67374
729.99708
506.06107
415.15242
134.25793
988.20989
13.891493
596.61821
68.357451
647.99339
559.0349
453.61146
194.48303
194.95507
717.61106
624.37333
459.72756
315.8884
659.95089
385.52146
255.33705
586.05842
522.77819
808.34318
812.2646
925.81779
351.14544
79.133052
76.76527
318.39319
114.27823
145.05841
528.90149
74.791507
189.31844
647.1565
492.83533
8.3771037
1248.3323
196.85583
531.88071
333.96911
609.419
511.94395
64.694607
165.86781
91.662115
915.93038
65.134164
551.59712
1097.5228
253.71366
182.15461
425.29532
167.8851
981.64484
836.51104
67.767103
920.10185
976.77238
360.43985
563.6728
270.39447
752.19347
83.225479
744.44962
480.53698
695.94428
432.21883
507.35431
798.29806
665.45949
300.57557
325.1646
313.85928
853.58142
654.81779
549.86133
22.563182
1009.9359
1372.068
748.10975
907.16853
333.46056
931.07897
725.54801
141.01608
207.27261
1.6523969
125.22064
405.44552
290.51489
476.65921
663.24069
512.14948
765.8087
71.402267
493.3369
148.74697
749.55074
453.1301
523.17295
214.92871
528.2807
277.53161
313.55448
979.67102
471.26515
656.88157
1262.1538
208.8659
345.68884
490.97759
398.74614
612.9912
178.9608
642.5672
928.90164
105.24559
567.83088
1070.7796
492.52099
355.27871
325.39972
702.18335
1069.0186
148.88489
233.12811
58.442489
1018.3723
532.29436
223.10224
606.31401
777.9426
882.30661
645.61561
259.73343
466.66128
172.17926
623.59883
760.60045
652.53694
333.36512
647.22147
90.091911
680.72036
752.28196
746.85268
607.45059
406.6527
465.5704
623.63593
142.02052
371.10636
54.209364
310.299
902.19146
870.42571
1034.8782
655.87547
1306.969
728.31649
489.98218
599.95525
100.41403
542.00115
982.67516
148.09902
504.17008
376.3116
374.98835
319.52229
915.23275
659.69263
652.466
366.45548
436.89307
569.83397
2.5960328
126.07727
583.22027
570.58725
486.88805
554.6963
428.82734
243.33138
475.60062
246.23262
543.65615
340.36524
825.94885
871.42804
1048.3184
292.74957
573.02252
548.91761
252.3305
1019.6419
327.75976
6.8762736
545.75545
275.42576
699.77982
322.19138
55.23597
736.59713
531.14095
887.79962
229.40861
273.73485
601.8894
283.76942
65.749827
64.800933
733.76021
40.119966
326.59425
518.94397
491.84627
591.86497
413.36332
768.63974
384.67486
429.49742
501.90055
484.81602
163.77796
1008.1369
325.26833
666.28924
191.82424
397.77911
1089.5644
1006.227
210.08445
987.66841
439.20991
372.07345
120.01062
581.41211
445.74032
533.14472
2.8228127
714.95734
280.90778
317.60725
453.13131
476.80036
417.72443
848.75099
664.694
298.58995
354.80639
732.00183
766.73407
541.75279
975.52519
970.18162
146.73617
144.69489
315.89542
745.40381
355.19019
531.59124
30.439756
16.848091
303.46356
322.16679
1100.0383
566.88353
1252.904
648.98395
114.90693
50.479476
114.67444
514.38405
566.70111
293.40305
279.10114
453.33516
35.80362
65.780504
674.26678
991.3577
627.96603
526.4206
13.416734
22.388057
237.18245
72.346254
183.48601
76.580716
878.98152
37.145008
149.05246
150.6497
68.544145
311.13972
467.91026
254.34606
627.8251
504.34996
44.105904
1260.8122
551.86013
497.00304
12.289079
174.97866
264.49274
325.01458
556.10404
325.47266
610.20208
323.72455
172.65822
450.1084
246.07513
177.92064
556.59897
538.95102
42.944005
1193.534
248.90865
106.26539
6.6709398
186.24242
34.36295
134.09068
6.6143528
356.41053
129.22366
788.57874
819.62433
387.83763
761.28337
761.15515
322.35649
760.58442
216.28262
16.662429
585.63519
769.14655
79.407179
560.13386
691.74166
662.92017
1077.0502
164.31206
102.62365
1031.8457
928.98298
154.06234
130.60448
240.98854
169.16063
528.58692
812.7481
624.34745
283.43616
117.16934
214.45718
1075.6788
847.60756
1351.6747
534.99809
397.71436
327.74068
120.99501
336.95362
167.78299
244.238
345.4344
147.05261
1105.1308
212.20804
0.80269494
176.06988
548.71416
185.1017
806.16934
5.9313207
858.72094
461.09698
1018.8335
67.428261
35.085078
559.10738
206.57139
746.94168
179.54951
79.545238
876.10495
423.77529
36.107381
502.44565
65.374646
114.64093
420.07226
534.94309
232.74153
756.07951
300.65989
747.77626
746.83096
1026.9909
948.25508
212.45861
347.5263
190.72715
106.94872
796.37461
70.563919
418.82421
311.52646
6.6966423
877.06293
126.48539
385.9206
406.90304
139.28741
903.08695
482.52591
500.5626
274.583
323.67888
1591.6519
57.228845
73.505415
310.37147
585.41893
350.41314
92.36623
520.38984
437.28039
316.42177
271.46247
675.17428
276.90778
596.76751
1016.7915
394.88659
370.73983
602.82585
657.04647
517.73982
188.69789
614.15531
531.48728
72.487173
340.6763
124.11494
75.318497
110.47426
117.10563
452.69508
330.66848
708.11295
83.928997
567.51021
346.06925
232.68776
810.31431
175.78325
1.611281
484.09212
449.44367
465.1537
263.13674
388.74234
445.05921
811.05944
824.34173
693.50329
307.08804
1380.3552
1112.1142
93.83637
555.61467
724.48898
558.30715
175.53561
500.59383
349.60983
1464.6256
671.63154
640.86759
661.46048
580.88985
273.42015
305.08956
220.59466
562.35633
124.98236
103.63641
781.23841
49.475842
1044.4809
351.11056
20.4014
59.193432
504.50916
865.77228
805.03887
107.58418
520.77686
571.54454
959.54509
650.15962
300.49862
688.14354
878.1875
49.374356
1082.6115
320.25427
474.0098
470.3417
338.37563
1260.9524
1332.5812
1312.2128
258.95833
33.458459
139.68754
535.53934
481.85857
92.183695
205.50465
137.57719
929.85241
168.93949
318.01782
580.18669
492.10764
1293.044
312.49594
264.00322
508.75097
333.07097
9.1980168
1147.3242
567.16458
465.62146
720.87139
774.61218
885.24211
165.63587
196.96619
738.29171
523.92646
256.74844
73.261774
541.81254
254.54961
493.00218
647.01567
131.28912
336.80157
352.60491
732.83274
650.49569
216.49924
179.98421
391.64736
354.04696
330.87127
358.19478
972.1218
563.88439
208.24545
1109.4363
846.66567
289.19508
513.49224
928.39457
165.71295
88.217632
503.41253
949.79704
1296.1124
630.04979
496.39907
54.239709
684.32768
268.84509
358.41617
236.68838
353.63538
819.02778
490.15509
100.14606
181.89604
755.81805
665.82015
422.35531
363.12704
688.54613
518.64536
159.00708
454.56576
415.13225
795.75348
451.6783
933.43202
842.87671
162.8194
246.46402
157.96808
254.20306
556.17945
263.75632
738.15386
713.32845
456.02237
64.036766
784.51206
63.60603
237.45509
713.49573
498.14867
990.91681
1256.5946
814.52299
91.144439
7.5796389
211.79389
490.00374
716.01716
179.78106
650.49428
267.1411
507.80712
542.08038
614.15044
1019.7773
305.59083
768.00354
608.08788
427.03665
591.08119
23.497478
1186.2913
285.75957
335.16169
210.71073
200.76835
1033.7732
224.63493
298.86605
375.31726
850.5476
318.54493
190.04008
487.14031
135.29693
818.67348
118.54812
293.12085
1281.6648
331.8456
1137.7749
274.7886
948.63297
113.66752
1084.4989
196.47861
647.17637
262.42843
779.31377
254.44254
603.6128
183.6702
66.866894
182.28507
1019.9407
103.79596
203.42311
591.01133
443.75663
563.0503
39.270479
471.04492
257.21348
655.53206
810.84936
44.480494
407.62009
277.91533
665.77758
191.77442
502.73416
354.86034
579.47937
1495.5505
407.84875
740.06047
983.9689
872.65289
830.50643
245.83605
294.87281
153.37191
709.24855
721.8432
145.06846
96.90108
140.38779
243.12692
515.64353
130.76168
172.89973
403.84753
137.44618
477.31945
517.89468
165.00216
976.31103
275.97664
646.32446
907.83386
32.448482
470.00619
320.13565
915.49842
767.20851
1220.1454
910.13967
230.33795
492.80071
219.07424
119.69548
909.72669
148.86427
649.41841
107.33261
46.611142
1367.7164
871.4488
368.52849
152.82099
70.992695
212.65623
168.16053
346.19863
289.09173
120.84001
162.64908
582.24812
398.95344
525.44252
169.74675
150.09538
3.9921223
611.80369
507.09706
1059.2295
800.47123
522.94166
543.36408
3.5908146
815.36853
137.42487
850.01546
880.27401
275.95821
230.46197
459.27739
655.417
517.76591
1157.3856
564.30555
800.22825
135.92361
545.29408
1090.2665
601.96063
501.38976
227.30693
375.12058
106.50205
377.79893
6.5902585
381.68713
267.24363
634.65148
511.55997
142.42836
870.21407
987.12496
1161.9167
479.6501
30.28031
6.2625958
181.4004
285.42862
903.69353
269.49145
978.68891
80.322235
128.37761
619.8953
598.36995
1177.6371
1280.6902
132.42735
144.59143
566.83538
221.8493
503.1704
659.17516
422.51937
854.50108
1469.9985
271.61427
63.112719
357.95845
604.70581
493.77007
633.44251
753.49748
215.7598
217.82443
366.43236
332.904
286.48598
109.70733
1412.9146
657.67012
584.43637
332.51538
411.28032
142.39988
407.87962
616.20326
301.87574
571.30945
587.64153
679.57336
455.74938
202.95294
1052.7026
266.36545
18.980247
153.83282
4.788192
746.62921
237.53027
480.6745
223.92195
173.7985
257.47886
315.55936
82.645062
377.00774
202.99127
1052.0357
49.250065
169.87779
734.18122
793.1518
680.28547
438.03917
245.34178
261.90208
269.07587
315.61909
199.3779
6.751823
558.63465
900.87982
3.0283769
815.6572
13.604916
443.89003
422.08254
292.44685
59.959416
884.91509
268.69285
799.2671
1129.0768
240.12396
894.76263
1.3765889
167.98428
593.93157
1020.1442
566.69634
256.08828
470.45389
86.513299
406.65331
436.05339
555.12403
19.356127
704.05874
750.08
574.06158
283.38138
73.486163
881.87798
488.53172
405.29332
633.98786
358.44808
528.15896
824.01882
675.11082
1086.9187
831.51017
255.27943
41.854785
242.58766
826.81674
192.45269
189.81099
203.39979
573.45306
660.21647
648.2348
1016.2252
482.5068
209.5533
352.78386
809.89374
282.23675
447.46682
66.6435
763.17558
316.86334
862.82585
467.40842
956.45426
1046.7241
383.90814
762.0383
217.93823
765.8566
153.77641
188.64489
95.037284
719.43288
1040.2819
81.778159
231.93882
39.695587
477.2241
396.85234
670.58082
168.06693
538.58181
702.42133
635.91876
820.4271
541.22916
489.05795
576.30881
84.602659
59.850947
764.11067
295.81421
1024.2812
541.77101
929.62894
499.37763
683.32607
147.34976
341.75135
697.97591
157.22223
371.84334
297.11723
98.679514
610.93941
695.40556
787.70269
1.1992087
456.89176
345.56056
781.70463
170.45487
759.87677
102.77814
244.08878
919.87186
17.581822
1018.6475
1371.8874
993.47244
313.62314
156.38919
886.93435
467.11216
1130.6329
403.08446
962.04358
31.615526
135.61249
327.29744
663.07712
22.596689
135.0273
781.71571
1122.0799
511.97466
318.85732
271.79762
402.99722
177.13995
10.092661
189.76701
151.13561
378.02795
510.15083
426.58422
7.9712122
201.9361
238.30346
440.6406
846.42515
630.37205
373.93147
630.38546
231.82951
801.87212
132.08339
358.4971
1042.348
551.22158
250.00102
270.60806
341.35508
14.155715
715.09905
569.93893
110.23579
12.890229
148.61518
60.675998
347.45418
279.17154
179.45713
210.57755
312.50962
354.68676
518.83566
553.85692
523.40403
1260.5836
690.91279
15.240374
832.51885
483.25795
247.79292
145.39002
468.18156
962.16579
368.20701
648.49428
457.83835
27.721744
350.2717
362.51836
202.1421
592.98554
332.6251
319.64983
142.80652
936.26477
504.72633
250.48279
2.9340809
1033.5482
494.34502
337.15185
496.91158
89.557922
615.21305
1117.8098
288.76891
224.26139
395.70575
471.62108
354.87434
716.1342
209.67238
32.207789
551.04845
33.038359
1105.8221
712.96888
362.78239
522.02039
848.60736
164.95049
556.60568
926.24191
913.62763
346.5458
281.54528
1071.5686
373.66234
44.265134
76.836426
22.554827
606.18745
470.88988
4.6207515
84.861627
757.20191
1030.9532
71.484265
299.1829
472.87633
648.53492
153.95204
451.89061
415.10568
563.84984
18.192188
891.76064
3.3148717
195.51599
439.19317
671.0444
849.18597
389.85938
480.14401
119.79773
341.28433
590.65542
242.25177
172.74164
188.95391
4.549455
643.12271
1080.2172
149.63324
607.48585
17.772936
124.10597
446.35405
160.70841
146.94545
910.18457
194.08878
748.05962
23.753965
96.959906
80.733921
210.44781
578.20992
278.95084
16.520991
682.09526
58.959348
1191.2684
953.34131
272.93011
424.21993
90.794655
167.09754
291.29334
624.74227
687.78829
253.22009
1262.8134
1045.2319
435.33421
447.08463
142.49506
221.29672
199.54612
267.74856
726.70794
483.69145
354.01267
531.07081
30.188027
378.67312
127.8493
424.91346
407.61981
104.40483
322.66492
452.13357
70.820061
402.7682
940.39276
639.33344
32.52088
662.1226
332.52252
56.474866
341.02412
568.84443
41.437667
167.50372
105.41979
422.99298
514.00041
506.22949
326.94723
801.54037
300.73674
425.35577
174.52799
1.3771136
819.59454
684.1659
538.26901
57.033292
498.90137
20.755108
810.96911
9.7307828
295.63333
