Gtype 1
Gr1_inner 53
Gr1_outer 85
Gr2_inner 53
Gr2_outer 85
Gdz 40
Gx0 0
Gy0 0
Gz0 0
Grot_x 0
Grot_y 0
Grot_z 0
Gcrystal_dx 3.8
Gcrystal_dy 3.8
Gcrystal_dz 40
Gcarbon_gap 0.1
Gair_gap 0
Gmaterial 7.5
Gcolor_R 1
Gcolor_G 0
Gcolor_B 0
#Tower: type, idx_j, idx_k, idx_l, x[cm], y[cm], z[cm], dx[cm], dy[cm], dz[cm], rot_x, rot_y, rot_z
Tower 0 0 15 0 -82 -22 -210 3.8 3.8 40 0 0 0
Tower 0 0 16 0 -82 -18 -210 3.8 3.8 40 0 0 0
Tower 0 0 17 0 -82 -14 -210 3.8 3.8 40 0 0 0
Tower 0 0 18 0 -82 -10 -210 3.8 3.8 40 0 0 0
Tower 0 0 19 0 -82 -6 -210 3.8 3.8 40 0 0 0
Tower 0 0 20 0 -82 -2 -210 3.8 3.8 40 0 0 0
Tower 0 0 21 0 -82 2 -210 3.8 3.8 40 0 0 0
Tower 0 0 22 0 -82 6 -210 3.8 3.8 40 0 0 0
Tower 0 0 23 0 -82 10 -210 3.8 3.8 40 0 0 0
Tower 0 0 24 0 -82 14 -210 3.8 3.8 40 0 0 0
Tower 0 0 25 0 -82 18 -210 3.8 3.8 40 0 0 0
Tower 0 0 26 0 -82 22 -210 3.8 3.8 40 0 0 0
Tower 0 1 13 0 -78 -30 -210 3.8 3.8 40 0 0 0
Tower 0 1 14 0 -78 -26 -210 3.8 3.8 40 0 0 0
Tower 0 1 15 0 -78 -22 -210 3.8 3.8 40 0 0 0
Tower 0 1 16 0 -78 -18 -210 3.8 3.8 40 0 0 0
Tower 0 1 17 0 -78 -14 -210 3.8 3.8 40 0 0 0
Tower 0 1 18 0 -78 -10 -210 3.8 3.8 40 0 0 0
Tower 0 1 19 0 -78 -6 -210 3.8 3.8 40 0 0 0
Tower 0 1 20 0 -78 -2 -210 3.8 3.8 40 0 0 0
Tower 0 1 21 0 -78 2 -210 3.8 3.8 40 0 0 0
Tower 0 1 22 0 -78 6 -210 3.8 3.8 40 0 0 0
Tower 0 1 23 0 -78 10 -210 3.8 3.8 40 0 0 0
Tower 0 1 24 0 -78 14 -210 3.8 3.8 40 0 0 0
Tower 0 1 25 0 -78 18 -210 3.8 3.8 40 0 0 0
Tower 0 1 26 0 -78 22 -210 3.8 3.8 40 0 0 0
Tower 0 1 27 0 -78 26 -210 3.8 3.8 40 0 0 0
Tower 0 1 28 0 -78 30 -210 3.8 3.8 40 0 0 0
Tower 0 2 11 0 -74 -38 -210 3.8 3.8 40 0 0 0
Tower 0 2 12 0 -74 -34 -210 3.8 3.8 40 0 0 0
Tower 0 2 13 0 -74 -30 -210 3.8 3.8 40 0 0 0
Tower 0 2 14 0 -74 -26 -210 3.8 3.8 40 0 0 0
Tower 0 2 15 0 -74 -22 -210 3.8 3.8 40 0 0 0
Tower 0 2 16 0 -74 -18 -210 3.8 3.8 40 0 0 0
Tower 0 2 17 0 -74 -14 -210 3.8 3.8 40 0 0 0
Tower 0 2 18 0 -74 -10 -210 3.8 3.8 40 0 0 0
Tower 0 2 19 0 -74 -6 -210 3.8 3.8 40 0 0 0
Tower 0 2 20 0 -74 -2 -210 3.8 3.8 40 0 0 0
Tower 0 2 21 0 -74 2 -210 3.8 3.8 40 0 0 0
Tower 0 2 22 0 -74 6 -210 3.8 3.8 40 0 0 0
Tower 0 2 23 0 -74 10 -210 3.8 3.8 40 0 0 0
Tower 0 2 24 0 -74 14 -210 3.8 3.8 40 0 0 0
Tower 0 2 25 0 -74 18 -210 3.8 3.8 40 0 0 0
Tower 0 2 26 0 -74 22 -210 3.8 3.8 40 0 0 0
Tower 0 2 27 0 -74 26 -210 3.8 3.8 40 0 0 0
Tower 0 2 28 0 -74 30 -210 3.8 3.8 40 0 0 0
Tower 0 2 29 0 -74 34 -210 3.8 3.8 40 0 0 0
Tower 0 2 30 0 -74 38 -210 3.8 3.8 40 0 0 0
Tower 0 3 9 0 -70 -46 -210 3.8 3.8 40 0 0 0
Tower 0 3 10 0 -70 -42 -210 3.8 3.8 40 0 0 0
Tower 0 3 11 0 -70 -38 -210 3.8 3.8 40 0 0 0
Tower 0 3 12 0 -70 -34 -210 3.8 3.8 40 0 0 0
Tower 0 3 13 0 -70 -30 -210 3.8 3.8 40 0 0 0
Tower 0 3 14 0 -70 -26 -210 3.8 3.8 40 0 0 0
Tower 0 3 15 0 -70 -22 -210 3.8 3.8 40 0 0 0
Tower 0 3 16 0 -70 -18 -210 3.8 3.8 40 0 0 0
Tower 0 3 17 0 -70 -14 -210 3.8 3.8 40 0 0 0
Tower 0 3 18 0 -70 -10 -210 3.8 3.8 40 0 0 0
Tower 0 3 19 0 -70 -6 -210 3.8 3.8 40 0 0 0
Tower 0 3 20 0 -70 -2 -210 3.8 3.8 40 0 0 0
Tower 0 3 21 0 -70 2 -210 3.8 3.8 40 0 0 0
Tower 0 3 22 0 -70 6 -210 3.8 3.8 40 0 0 0
Tower 0 3 23 0 -70 10 -210 3.8 3.8 40 0 0 0
Tower 0 3 24 0 -70 14 -210 3.8 3.8 40 0 0 0
Tower 0 3 25 0 -70 18 -210 3.8 3.8 40 0 0 0
Tower 0 3 26 0 -70 22 -210 3.8 3.8 40 0 0 0
Tower 0 3 27 0 -70 26 -210 3.8 3.8 40 0 0 0
Tower 0 3 28 0 -70 30 -210 3.8 3.8 40 0 0 0
Tower 0 3 29 0 -70 34 -210 3.8 3.8 40 0 0 0
Tower 0 3 30 0 -70 38 -210 3.8 3.8 40 0 0 0
Tower 0 3 31 0 -70 42 -210 3.8 3.8 40 0 0 0
Tower 0 3 32 0 -70 46 -210 3.8 3.8 40 0 0 0
Tower 0 4 8 0 -66 -50 -210 3.8 3.8 40 0 0 0
Tower 0 4 9 0 -66 -46 -210 3.8 3.8 40 0 0 0
Tower 0 4 10 0 -66 -42 -210 3.8 3.8 40 0 0 0
Tower 0 4 11 0 -66 -38 -210 3.8 3.8 40 0 0 0
Tower 0 4 12 0 -66 -34 -210 3.8 3.8 40 0 0 0
Tower 0 4 13 0 -66 -30 -210 3.8 3.8 40 0 0 0
Tower 0 4 14 0 -66 -26 -210 3.8 3.8 40 0 0 0
Tower 0 4 15 0 -66 -22 -210 3.8 3.8 40 0 0 0
Tower 0 4 16 0 -66 -18 -210 3.8 3.8 40 0 0 0
Tower 0 4 17 0 -66 -14 -210 3.8 3.8 40 0 0 0
Tower 0 4 18 0 -66 -10 -210 3.8 3.8 40 0 0 0
Tower 0 4 19 0 -66 -6 -210 3.8 3.8 40 0 0 0
Tower 0 4 20 0 -66 -2 -210 3.8 3.8 40 0 0 0
Tower 0 4 21 0 -66 2 -210 3.8 3.8 40 0 0 0
Tower 0 4 22 0 -66 6 -210 3.8 3.8 40 0 0 0
Tower 0 4 23 0 -66 10 -210 3.8 3.8 40 0 0 0
Tower 0 4 24 0 -66 14 -210 3.8 3.8 40 0 0 0
Tower 0 4 25 0 -66 18 -210 3.8 3.8 40 0 0 0
Tower 0 4 26 0 -66 22 -210 3.8 3.8 40 0 0 0
Tower 0 4 27 0 -66 26 -210 3.8 3.8 40 0 0 0
Tower 0 4 28 0 -66 30 -210 3.8 3.8 40 0 0 0
Tower 0 4 29 0 -66 34 -210 3.8 3.8 40 0 0 0
Tower 0 4 30 0 -66 38 -210 3.8 3.8 40 0 0 0
Tower 0 4 31 0 -66 42 -210 3.8 3.8 40 0 0 0
Tower 0 4 32 0 -66 46 -210 3.8 3.8 40 0 0 0
Tower 0 4 33 0 -66 50 -210 3.8 3.8 40 0 0 0
Tower 0 5 6 0 -62 -58 -210 3.8 3.8 40 0 0 0
Tower 0 5 7 0 -62 -54 -210 3.8 3.8 40 0 0 0
Tower 0 5 8 0 -62 -50 -210 3.8 3.8 40 0 0 0
Tower 0 5 9 0 -62 -46 -210 3.8 3.8 40 0 0 0
Tower 0 5 10 0 -62 -42 -210 3.8 3.8 40 0 0 0
Tower 0 5 11 0 -62 -38 -210 3.8 3.8 40 0 0 0
Tower 0 5 12 0 -62 -34 -210 3.8 3.8 40 0 0 0
Tower 0 5 13 0 -62 -30 -210 3.8 3.8 40 0 0 0
Tower 0 5 14 0 -62 -26 -210 3.8 3.8 40 0 0 0
Tower 0 5 15 0 -62 -22 -210 3.8 3.8 40 0 0 0
Tower 0 5 16 0 -62 -18 -210 3.8 3.8 40 0 0 0
Tower 0 5 17 0 -62 -14 -210 3.8 3.8 40 0 0 0
Tower 0 5 18 0 -62 -10 -210 3.8 3.8 40 0 0 0
Tower 0 5 19 0 -62 -6 -210 3.8 3.8 40 0 0 0
Tower 0 5 20 0 -62 -2 -210 3.8 3.8 40 0 0 0
Tower 0 5 21 0 -62 2 -210 3.8 3.8 40 0 0 0
Tower 0 5 22 0 -62 6 -210 3.8 3.8 40 0 0 0
Tower 0 5 23 0 -62 10 -210 3.8 3.8 40 0 0 0
Tower 0 5 24 0 -62 14 -210 3.8 3.8 40 0 0 0
Tower 0 5 25 0 -62 18 -210 3.8 3.8 40 0 0 0
Tower 0 5 26 0 -62 22 -210 3.8 3.8 40 0 0 0
Tower 0 5 27 0 -62 26 -210 3.8 3.8 40 0 0 0
Tower 0 5 28 0 -62 30 -210 3.8 3.8 40 0 0 0
Tower 0 5 29 0 -62 34 -210 3.8 3.8 40 0 0 0
Tower 0 5 30 0 -62 38 -210 3.8 3.8 40 0 0 0
Tower 0 5 31 0 -62 42 -210 3.8 3.8 40 0 0 0
Tower 0 5 32 0 -62 46 -210 3.8 3.8 40 0 0 0
Tower 0 5 33 0 -62 50 -210 3.8 3.8 40 0 0 0
Tower 0 5 34 0 -62 54 -210 3.8 3.8 40 0 0 0
Tower 0 5 35 0 -62 58 -210 3.8 3.8 40 0 0 0
Tower 0 6 5 0 -58 -62 -210 3.8 3.8 40 0 0 0
Tower 0 6 6 0 -58 -58 -210 3.8 3.8 40 0 0 0
Tower 0 6 7 0 -58 -54 -210 3.8 3.8 40 0 0 0
Tower 0 6 8 0 -58 -50 -210 3.8 3.8 40 0 0 0
Tower 0 6 9 0 -58 -46 -210 3.8 3.8 40 0 0 0
Tower 0 6 10 0 -58 -42 -210 3.8 3.8 40 0 0 0
Tower 0 6 11 0 -58 -38 -210 3.8 3.8 40 0 0 0
Tower 0 6 12 0 -58 -34 -210 3.8 3.8 40 0 0 0
Tower 0 6 13 0 -58 -30 -210 3.8 3.8 40 0 0 0
Tower 0 6 14 0 -58 -26 -210 3.8 3.8 40 0 0 0
Tower 0 6 15 0 -58 -22 -210 3.8 3.8 40 0 0 0
Tower 0 6 16 0 -58 -18 -210 3.8 3.8 40 0 0 0
Tower 0 6 17 0 -58 -14 -210 3.8 3.8 40 0 0 0
Tower 0 6 18 0 -58 -10 -210 3.8 3.8 40 0 0 0
Tower 0 6 19 0 -58 -6 -210 3.8 3.8 40 0 0 0
Tower 0 6 20 0 -58 -2 -210 3.8 3.8 40 0 0 0
Tower 0 6 21 0 -58 2 -210 3.8 3.8 40 0 0 0
Tower 0 6 22 0 -58 6 -210 3.8 3.8 40 0 0 0
Tower 0 6 23 0 -58 10 -210 3.8 3.8 40 0 0 0
Tower 0 6 24 0 -58 14 -210 3.8 3.8 40 0 0 0
Tower 0 6 25 0 -58 18 -210 3.8 3.8 40 0 0 0
Tower 0 6 26 0 -58 22 -210 3.8 3.8 40 0 0 0
Tower 0 6 27 0 -58 26 -210 3.8 3.8 40 0 0 0
Tower 0 6 28 0 -58 30 -210 3.8 3.8 40 0 0 0
Tower 0 6 29 0 -58 34 -210 3.8 3.8 40 0 0 0
Tower 0 6 30 0 -58 38 -210 3.8 3.8 40 0 0 0
Tower 0 6 31 0 -58 42 -210 3.8 3.8 40 0 0 0
Tower 0 6 32 0 -58 46 -210 3.8 3.8 40 0 0 0
Tower 0 6 33 0 -58 50 -210 3.8 3.8 40 0 0 0
Tower 0 6 34 0 -58 54 -210 3.8 3.8 40 0 0 0
Tower 0 6 35 0 -58 58 -210 3.8 3.8 40 0 0 0
Tower 0 6 36 0 -58 62 -210 3.8 3.8 40 0 0 0
Tower 0 7 5 0 -54 -62 -210 3.8 3.8 40 0 0 0
Tower 0 7 6 0 -54 -58 -210 3.8 3.8 40 0 0 0
Tower 0 7 7 0 -54 -54 -210 3.8 3.8 40 0 0 0
Tower 0 7 8 0 -54 -50 -210 3.8 3.8 40 0 0 0
Tower 0 7 9 0 -54 -46 -210 3.8 3.8 40 0 0 0
Tower 0 7 10 0 -54 -42 -210 3.8 3.8 40 0 0 0
Tower 0 7 11 0 -54 -38 -210 3.8 3.8 40 0 0 0
Tower 0 7 12 0 -54 -34 -210 3.8 3.8 40 0 0 0
Tower 0 7 13 0 -54 -30 -210 3.8 3.8 40 0 0 0
Tower 0 7 14 0 -54 -26 -210 3.8 3.8 40 0 0 0
Tower 0 7 15 0 -54 -22 -210 3.8 3.8 40 0 0 0
Tower 0 7 16 0 -54 -18 -210 3.8 3.8 40 0 0 0
Tower 0 7 17 0 -54 -14 -210 3.8 3.8 40 0 0 0
Tower 0 7 18 0 -54 -10 -210 3.8 3.8 40 0 0 0
Tower 0 7 19 0 -54 -6 -210 3.8 3.8 40 0 0 0
Tower 0 7 20 0 -54 -2 -210 3.8 3.8 40 0 0 0
Tower 0 7 21 0 -54 2 -210 3.8 3.8 40 0 0 0
Tower 0 7 22 0 -54 6 -210 3.8 3.8 40 0 0 0
Tower 0 7 23 0 -54 10 -210 3.8 3.8 40 0 0 0
Tower 0 7 24 0 -54 14 -210 3.8 3.8 40 0 0 0
Tower 0 7 25 0 -54 18 -210 3.8 3.8 40 0 0 0
Tower 0 7 26 0 -54 22 -210 3.8 3.8 40 0 0 0
Tower 0 7 27 0 -54 26 -210 3.8 3.8 40 0 0 0
Tower 0 7 28 0 -54 30 -210 3.8 3.8 40 0 0 0
Tower 0 7 29 0 -54 34 -210 3.8 3.8 40 0 0 0
Tower 0 7 30 0 -54 38 -210 3.8 3.8 40 0 0 0
Tower 0 7 31 0 -54 42 -210 3.8 3.8 40 0 0 0
Tower 0 7 32 0 -54 46 -210 3.8 3.8 40 0 0 0
Tower 0 7 33 0 -54 50 -210 3.8 3.8 40 0 0 0
Tower 0 7 34 0 -54 54 -210 3.8 3.8 40 0 0 0
Tower 0 7 35 0 -54 58 -210 3.8 3.8 40 0 0 0
Tower 0 7 36 0 -54 62 -210 3.8 3.8 40 0 0 0
Tower 0 8 4 0 -50 -66 -210 3.8 3.8 40 0 0 0
Tower 0 8 5 0 -50 -62 -210 3.8 3.8 40 0 0 0
Tower 0 8 6 0 -50 -58 -210 3.8 3.8 40 0 0 0
Tower 0 8 7 0 -50 -54 -210 3.8 3.8 40 0 0 0
Tower 0 8 8 0 -50 -50 -210 3.8 3.8 40 0 0 0
Tower 0 8 9 0 -50 -46 -210 3.8 3.8 40 0 0 0
Tower 0 8 10 0 -50 -42 -210 3.8 3.8 40 0 0 0
Tower 0 8 11 0 -50 -38 -210 3.8 3.8 40 0 0 0
Tower 0 8 12 0 -50 -34 -210 3.8 3.8 40 0 0 0
Tower 0 8 13 0 -50 -30 -210 3.8 3.8 40 0 0 0
Tower 0 8 14 0 -50 -26 -210 3.8 3.8 40 0 0 0
Tower 0 8 15 0 -50 -22 -210 3.8 3.8 40 0 0 0
Tower 0 8 16 0 -50 -18 -210 3.8 3.8 40 0 0 0
Tower 0 8 25 0 -50 18 -210 3.8 3.8 40 0 0 0
Tower 0 8 26 0 -50 22 -210 3.8 3.8 40 0 0 0
Tower 0 8 27 0 -50 26 -210 3.8 3.8 40 0 0 0
Tower 0 8 28 0 -50 30 -210 3.8 3.8 40 0 0 0
Tower 0 8 29 0 -50 34 -210 3.8 3.8 40 0 0 0
Tower 0 8 30 0 -50 38 -210 3.8 3.8 40 0 0 0
Tower 0 8 31 0 -50 42 -210 3.8 3.8 40 0 0 0
Tower 0 8 32 0 -50 46 -210 3.8 3.8 40 0 0 0
Tower 0 8 33 0 -50 50 -210 3.8 3.8 40 0 0 0
Tower 0 8 34 0 -50 54 -210 3.8 3.8 40 0 0 0
Tower 0 8 35 0 -50 58 -210 3.8 3.8 40 0 0 0
Tower 0 8 36 0 -50 62 -210 3.8 3.8 40 0 0 0
Tower 0 8 37 0 -50 66 -210 3.8 3.8 40 0 0 0
Tower 0 9 3 0 -46 -70 -210 3.8 3.8 40 0 0 0
Tower 0 9 4 0 -46 -66 -210 3.8 3.8 40 0 0 0
Tower 0 9 5 0 -46 -62 -210 3.8 3.8 40 0 0 0
Tower 0 9 6 0 -46 -58 -210 3.8 3.8 40 0 0 0
Tower 0 9 7 0 -46 -54 -210 3.8 3.8 40 0 0 0
Tower 0 9 8 0 -46 -50 -210 3.8 3.8 40 0 0 0
Tower 0 9 9 0 -46 -46 -210 3.8 3.8 40 0 0 0
Tower 0 9 10 0 -46 -42 -210 3.8 3.8 40 0 0 0
Tower 0 9 11 0 -46 -38 -210 3.8 3.8 40 0 0 0
Tower 0 9 12 0 -46 -34 -210 3.8 3.8 40 0 0 0
Tower 0 9 13 0 -46 -30 -210 3.8 3.8 40 0 0 0
Tower 0 9 28 0 -46 30 -210 3.8 3.8 40 0 0 0
Tower 0 9 29 0 -46 34 -210 3.8 3.8 40 0 0 0
Tower 0 9 30 0 -46 38 -210 3.8 3.8 40 0 0 0
Tower 0 9 31 0 -46 42 -210 3.8 3.8 40 0 0 0
Tower 0 9 32 0 -46 46 -210 3.8 3.8 40 0 0 0
Tower 0 9 33 0 -46 50 -210 3.8 3.8 40 0 0 0
Tower 0 9 34 0 -46 54 -210 3.8 3.8 40 0 0 0
Tower 0 9 35 0 -46 58 -210 3.8 3.8 40 0 0 0
Tower 0 9 36 0 -46 62 -210 3.8 3.8 40 0 0 0
Tower 0 9 37 0 -46 66 -210 3.8 3.8 40 0 0 0
Tower 0 9 38 0 -46 70 -210 3.8 3.8 40 0 0 0
Tower 0 10 3 0 -42 -70 -210 3.8 3.8 40 0 0 0
Tower 0 10 4 0 -42 -66 -210 3.8 3.8 40 0 0 0
Tower 0 10 5 0 -42 -62 -210 3.8 3.8 40 0 0 0
Tower 0 10 6 0 -42 -58 -210 3.8 3.8 40 0 0 0
Tower 0 10 7 0 -42 -54 -210 3.8 3.8 40 0 0 0
Tower 0 10 8 0 -42 -50 -210 3.8 3.8 40 0 0 0
Tower 0 10 9 0 -42 -46 -210 3.8 3.8 40 0 0 0
Tower 0 10 10 0 -42 -42 -210 3.8 3.8 40 0 0 0
Tower 0 10 11 0 -42 -38 -210 3.8 3.8 40 0 0 0
Tower 0 10 12 0 -42 -34 -210 3.8 3.8 40 0 0 0
Tower 0 10 29 0 -42 34 -210 3.8 3.8 40 0 0 0
Tower 0 10 30 0 -42 38 -210 3.8 3.8 40 0 0 0
Tower 0 10 31 0 -42 42 -210 3.8 3.8 40 0 0 0
Tower 0 10 32 0 -42 46 -210 3.8 3.8 40 0 0 0
Tower 0 10 33 0 -42 50 -210 3.8 3.8 40 0 0 0
Tower 0 10 34 0 -42 54 -210 3.8 3.8 40 0 0 0
Tower 0 10 35 0 -42 58 -210 3.8 3.8 40 0 0 0
Tower 0 10 36 0 -42 62 -210 3.8 3.8 40 0 0 0
Tower 0 10 37 0 -42 66 -210 3.8 3.8 40 0 0 0
Tower 0 10 38 0 -42 70 -210 3.8 3.8 40 0 0 0
Tower 0 11 2 0 -38 -74 -210 3.8 3.8 40 0 0 0
Tower 0 11 3 0 -38 -70 -210 3.8 3.8 40 0 0 0
Tower 0 11 4 0 -38 -66 -210 3.8 3.8 40 0 0 0
Tower 0 11 5 0 -38 -62 -210 3.8 3.8 40 0 0 0
Tower 0 11 6 0 -38 -58 -210 3.8 3.8 40 0 0 0
Tower 0 11 7 0 -38 -54 -210 3.8 3.8 40 0 0 0
Tower 0 11 8 0 -38 -50 -210 3.8 3.8 40 0 0 0
Tower 0 11 9 0 -38 -46 -210 3.8 3.8 40 0 0 0
Tower 0 11 10 0 -38 -42 -210 3.8 3.8 40 0 0 0
Tower 0 11 11 0 -38 -38 -210 3.8 3.8 40 0 0 0
Tower 0 11 30 0 -38 38 -210 3.8 3.8 40 0 0 0
Tower 0 11 31 0 -38 42 -210 3.8 3.8 40 0 0 0
Tower 0 11 32 0 -38 46 -210 3.8 3.8 40 0 0 0
Tower 0 11 33 0 -38 50 -210 3.8 3.8 40 0 0 0
Tower 0 11 34 0 -38 54 -210 3.8 3.8 40 0 0 0
Tower 0 11 35 0 -38 58 -210 3.8 3.8 40 0 0 0
Tower 0 11 36 0 -38 62 -210 3.8 3.8 40 0 0 0
Tower 0 11 37 0 -38 66 -210 3.8 3.8 40 0 0 0
Tower 0 11 38 0 -38 70 -210 3.8 3.8 40 0 0 0
Tower 0 11 39 0 -38 74 -210 3.8 3.8 40 0 0 0
Tower 0 12 2 0 -34 -74 -210 3.8 3.8 40 0 0 0
Tower 0 12 3 0 -34 -70 -210 3.8 3.8 40 0 0 0
Tower 0 12 4 0 -34 -66 -210 3.8 3.8 40 0 0 0
Tower 0 12 5 0 -34 -62 -210 3.8 3.8 40 0 0 0
Tower 0 12 6 0 -34 -58 -210 3.8 3.8 40 0 0 0
Tower 0 12 7 0 -34 -54 -210 3.8 3.8 40 0 0 0
Tower 0 12 8 0 -34 -50 -210 3.8 3.8 40 0 0 0
Tower 0 12 9 0 -34 -46 -210 3.8 3.8 40 0 0 0
Tower 0 12 10 0 -34 -42 -210 3.8 3.8 40 0 0 0
Tower 0 12 31 0 -34 42 -210 3.8 3.8 40 0 0 0
Tower 0 12 32 0 -34 46 -210 3.8 3.8 40 0 0 0
Tower 0 12 33 0 -34 50 -210 3.8 3.8 40 0 0 0
Tower 0 12 34 0 -34 54 -210 3.8 3.8 40 0 0 0
Tower 0 12 35 0 -34 58 -210 3.8 3.8 40 0 0 0
Tower 0 12 36 0 -34 62 -210 3.8 3.8 40 0 0 0
Tower 0 12 37 0 -34 66 -210 3.8 3.8 40 0 0 0
Tower 0 12 38 0 -34 70 -210 3.8 3.8 40 0 0 0
Tower 0 12 39 0 -34 74 -210 3.8 3.8 40 0 0 0
Tower 0 13 1 0 -30 -78 -210 3.8 3.8 40 0 0 0
Tower 0 13 2 0 -30 -74 -210 3.8 3.8 40 0 0 0
Tower 0 13 3 0 -30 -70 -210 3.8 3.8 40 0 0 0
Tower 0 13 4 0 -30 -66 -210 3.8 3.8 40 0 0 0
Tower 0 13 5 0 -30 -62 -210 3.8 3.8 40 0 0 0
Tower 0 13 6 0 -30 -58 -210 3.8 3.8 40 0 0 0
Tower 0 13 7 0 -30 -54 -210 3.8 3.8 40 0 0 0
Tower 0 13 8 0 -30 -50 -210 3.8 3.8 40 0 0 0
Tower 0 13 9 0 -30 -46 -210 3.8 3.8 40 0 0 0
Tower 0 13 32 0 -30 46 -210 3.8 3.8 40 0 0 0
Tower 0 13 33 0 -30 50 -210 3.8 3.8 40 0 0 0
Tower 0 13 34 0 -30 54 -210 3.8 3.8 40 0 0 0
Tower 0 13 35 0 -30 58 -210 3.8 3.8 40 0 0 0
Tower 0 13 36 0 -30 62 -210 3.8 3.8 40 0 0 0
Tower 0 13 37 0 -30 66 -210 3.8 3.8 40 0 0 0
Tower 0 13 38 0 -30 70 -210 3.8 3.8 40 0 0 0
Tower 0 13 39 0 -30 74 -210 3.8 3.8 40 0 0 0
Tower 0 13 40 0 -30 78 -210 3.8 3.8 40 0 0 0
Tower 0 14 1 0 -26 -78 -210 3.8 3.8 40 0 0 0
Tower 0 14 2 0 -26 -74 -210 3.8 3.8 40 0 0 0
Tower 0 14 3 0 -26 -70 -210 3.8 3.8 40 0 0 0
Tower 0 14 4 0 -26 -66 -210 3.8 3.8 40 0 0 0
Tower 0 14 5 0 -26 -62 -210 3.8 3.8 40 0 0 0
Tower 0 14 6 0 -26 -58 -210 3.8 3.8 40 0 0 0
Tower 0 14 7 0 -26 -54 -210 3.8 3.8 40 0 0 0
Tower 0 14 8 0 -26 -50 -210 3.8 3.8 40 0 0 0
Tower 0 14 33 0 -26 50 -210 3.8 3.8 40 0 0 0
Tower 0 14 34 0 -26 54 -210 3.8 3.8 40 0 0 0
Tower 0 14 35 0 -26 58 -210 3.8 3.8 40 0 0 0
Tower 0 14 36 0 -26 62 -210 3.8 3.8 40 0 0 0
Tower 0 14 37 0 -26 66 -210 3.8 3.8 40 0 0 0
Tower 0 14 38 0 -26 70 -210 3.8 3.8 40 0 0 0
Tower 0 14 39 0 -26 74 -210 3.8 3.8 40 0 0 0
Tower 0 14 40 0 -26 78 -210 3.8 3.8 40 0 0 0
Tower 0 15 0 0 -22 -82 -210 3.8 3.8 40 0 0 0
Tower 0 15 1 0 -22 -78 -210 3.8 3.8 40 0 0 0
Tower 0 15 2 0 -22 -74 -210 3.8 3.8 40 0 0 0
Tower 0 15 3 0 -22 -70 -210 3.8 3.8 40 0 0 0
Tower 0 15 4 0 -22 -66 -210 3.8 3.8 40 0 0 0
Tower 0 15 5 0 -22 -62 -210 3.8 3.8 40 0 0 0
Tower 0 15 6 0 -22 -58 -210 3.8 3.8 40 0 0 0
Tower 0 15 7 0 -22 -54 -210 3.8 3.8 40 0 0 0
Tower 0 15 8 0 -22 -50 -210 3.8 3.8 40 0 0 0
Tower 0 15 33 0 -22 50 -210 3.8 3.8 40 0 0 0
Tower 0 15 34 0 -22 54 -210 3.8 3.8 40 0 0 0
Tower 0 15 35 0 -22 58 -210 3.8 3.8 40 0 0 0
Tower 0 15 36 0 -22 62 -210 3.8 3.8 40 0 0 0
Tower 0 15 37 0 -22 66 -210 3.8 3.8 40 0 0 0
Tower 0 15 38 0 -22 70 -210 3.8 3.8 40 0 0 0
Tower 0 15 39 0 -22 74 -210 3.8 3.8 40 0 0 0
Tower 0 15 40 0 -22 78 -210 3.8 3.8 40 0 0 0
Tower 0 15 41 0 -22 82 -210 3.8 3.8 40 0 0 0
Tower 0 16 0 0 -18 -82 -210 3.8 3.8 40 0 0 0
Tower 0 16 1 0 -18 -78 -210 3.8 3.8 40 0 0 0
Tower 0 16 2 0 -18 -74 -210 3.8 3.8 40 0 0 0
Tower 0 16 3 0 -18 -70 -210 3.8 3.8 40 0 0 0
Tower 0 16 4 0 -18 -66 -210 3.8 3.8 40 0 0 0
Tower 0 16 5 0 -18 -62 -210 3.8 3.8 40 0 0 0
Tower 0 16 6 0 -18 -58 -210 3.8 3.8 40 0 0 0
Tower 0 16 7 0 -18 -54 -210 3.8 3.8 40 0 0 0
Tower 0 16 8 0 -18 -50 -210 3.8 3.8 40 0 0 0
Tower 0 16 33 0 -18 50 -210 3.8 3.8 40 0 0 0
Tower 0 16 34 0 -18 54 -210 3.8 3.8 40 0 0 0
Tower 0 16 35 0 -18 58 -210 3.8 3.8 40 0 0 0
Tower 0 16 36 0 -18 62 -210 3.8 3.8 40 0 0 0
Tower 0 16 37 0 -18 66 -210 3.8 3.8 40 0 0 0
Tower 0 16 38 0 -18 70 -210 3.8 3.8 40 0 0 0
Tower 0 16 39 0 -18 74 -210 3.8 3.8 40 0 0 0
Tower 0 16 40 0 -18 78 -210 3.8 3.8 40 0 0 0
Tower 0 16 41 0 -18 82 -210 3.8 3.8 40 0 0 0
Tower 0 17 0 0 -14 -82 -210 3.8 3.8 40 0 0 0
Tower 0 17 1 0 -14 -78 -210 3.8 3.8 40 0 0 0
Tower 0 17 2 0 -14 -74 -210 3.8 3.8 40 0 0 0
Tower 0 17 3 0 -14 -70 -210 3.8 3.8 40 0 0 0
Tower 0 17 4 0 -14 -66 -210 3.8 3.8 40 0 0 0
Tower 0 17 5 0 -14 -62 -210 3.8 3.8 40 0 0 0
Tower 0 17 6 0 -14 -58 -210 3.8 3.8 40 0 0 0
Tower 0 17 7 0 -14 -54 -210 3.8 3.8 40 0 0 0
Tower 0 17 34 0 -14 54 -210 3.8 3.8 40 0 0 0
Tower 0 17 35 0 -14 58 -210 3.8 3.8 40 0 0 0
Tower 0 17 36 0 -14 62 -210 3.8 3.8 40 0 0 0
Tower 0 17 37 0 -14 66 -210 3.8 3.8 40 0 0 0
Tower 0 17 38 0 -14 70 -210 3.8 3.8 40 0 0 0
Tower 0 17 39 0 -14 74 -210 3.8 3.8 40 0 0 0
Tower 0 17 40 0 -14 78 -210 3.8 3.8 40 0 0 0
Tower 0 17 41 0 -14 82 -210 3.8 3.8 40 0 0 0
Tower 0 18 0 0 -10 -82 -210 3.8 3.8 40 0 0 0
Tower 0 18 1 0 -10 -78 -210 3.8 3.8 40 0 0 0
Tower 0 18 2 0 -10 -74 -210 3.8 3.8 40 0 0 0
Tower 0 18 3 0 -10 -70 -210 3.8 3.8 40 0 0 0
Tower 0 18 4 0 -10 -66 -210 3.8 3.8 40 0 0 0
Tower 0 18 5 0 -10 -62 -210 3.8 3.8 40 0 0 0
Tower 0 18 6 0 -10 -58 -210 3.8 3.8 40 0 0 0
Tower 0 18 7 0 -10 -54 -210 3.8 3.8 40 0 0 0
Tower 0 18 34 0 -10 54 -210 3.8 3.8 40 0 0 0
Tower 0 18 35 0 -10 58 -210 3.8 3.8 40 0 0 0
Tower 0 18 36 0 -10 62 -210 3.8 3.8 40 0 0 0
Tower 0 18 37 0 -10 66 -210 3.8 3.8 40 0 0 0
Tower 0 18 38 0 -10 70 -210 3.8 3.8 40 0 0 0
Tower 0 18 39 0 -10 74 -210 3.8 3.8 40 0 0 0
Tower 0 18 40 0 -10 78 -210 3.8 3.8 40 0 0 0
Tower 0 18 41 0 -10 82 -210 3.8 3.8 40 0 0 0
Tower 0 19 0 0 -6 -82 -210 3.8 3.8 40 0 0 0
Tower 0 19 1 0 -6 -78 -210 3.8 3.8 40 0 0 0
Tower 0 19 2 0 -6 -74 -210 3.8 3.8 40 0 0 0
Tower 0 19 3 0 -6 -70 -210 3.8 3.8 40 0 0 0
Tower 0 19 4 0 -6 -66 -210 3.8 3.8 40 0 0 0
Tower 0 19 5 0 -6 -62 -210 3.8 3.8 40 0 0 0
Tower 0 19 6 0 -6 -58 -210 3.8 3.8 40 0 0 0
Tower 0 19 7 0 -6 -54 -210 3.8 3.8 40 0 0 0
Tower 0 19 34 0 -6 54 -210 3.8 3.8 40 0 0 0
Tower 0 19 35 0 -6 58 -210 3.8 3.8 40 0 0 0
Tower 0 19 36 0 -6 62 -210 3.8 3.8 40 0 0 0
Tower 0 19 37 0 -6 66 -210 3.8 3.8 40 0 0 0
Tower 0 19 38 0 -6 70 -210 3.8 3.8 40 0 0 0
Tower 0 19 39 0 -6 74 -210 3.8 3.8 40 0 0 0
Tower 0 19 40 0 -6 78 -210 3.8 3.8 40 0 0 0
Tower 0 19 41 0 -6 82 -210 3.8 3.8 40 0 0 0
Tower 0 20 0 0 -2 -82 -210 3.8 3.8 40 0 0 0
Tower 0 20 1 0 -2 -78 -210 3.8 3.8 40 0 0 0
Tower 0 20 2 0 -2 -74 -210 3.8 3.8 40 0 0 0
Tower 0 20 3 0 -2 -70 -210 3.8 3.8 40 0 0 0
Tower 0 20 4 0 -2 -66 -210 3.8 3.8 40 0 0 0
Tower 0 20 5 0 -2 -62 -210 3.8 3.8 40 0 0 0
Tower 0 20 6 0 -2 -58 -210 3.8 3.8 40 0 0 0
Tower 0 20 7 0 -2 -54 -210 3.8 3.8 40 0 0 0
Tower 0 20 34 0 -2 54 -210 3.8 3.8 40 0 0 0
Tower 0 20 35 0 -2 58 -210 3.8 3.8 40 0 0 0
Tower 0 20 36 0 -2 62 -210 3.8 3.8 40 0 0 0
Tower 0 20 37 0 -2 66 -210 3.8 3.8 40 0 0 0
Tower 0 20 38 0 -2 70 -210 3.8 3.8 40 0 0 0
Tower 0 20 39 0 -2 74 -210 3.8 3.8 40 0 0 0
Tower 0 20 40 0 -2 78 -210 3.8 3.8 40 0 0 0
Tower 0 20 41 0 -2 82 -210 3.8 3.8 40 0 0 0
Tower 0 21 0 0 2 -82 -210 3.8 3.8 40 0 0 0
Tower 0 21 1 0 2 -78 -210 3.8 3.8 40 0 0 0
Tower 0 21 2 0 2 -74 -210 3.8 3.8 40 0 0 0
Tower 0 21 3 0 2 -70 -210 3.8 3.8 40 0 0 0
Tower 0 21 4 0 2 -66 -210 3.8 3.8 40 0 0 0
Tower 0 21 5 0 2 -62 -210 3.8 3.8 40 0 0 0
Tower 0 21 6 0 2 -58 -210 3.8 3.8 40 0 0 0
Tower 0 21 7 0 2 -54 -210 3.8 3.8 40 0 0 0
Tower 0 21 34 0 2 54 -210 3.8 3.8 40 0 0 0
Tower 0 21 35 0 2 58 -210 3.8 3.8 40 0 0 0
Tower 0 21 36 0 2 62 -210 3.8 3.8 40 0 0 0
Tower 0 21 37 0 2 66 -210 3.8 3.8 40 0 0 0
Tower 0 21 38 0 2 70 -210 3.8 3.8 40 0 0 0
Tower 0 21 39 0 2 74 -210 3.8 3.8 40 0 0 0
Tower 0 21 40 0 2 78 -210 3.8 3.8 40 0 0 0
Tower 0 21 41 0 2 82 -210 3.8 3.8 40 0 0 0
Tower 0 22 0 0 6 -82 -210 3.8 3.8 40 0 0 0
Tower 0 22 1 0 6 -78 -210 3.8 3.8 40 0 0 0
Tower 0 22 2 0 6 -74 -210 3.8 3.8 40 0 0 0
Tower 0 22 3 0 6 -70 -210 3.8 3.8 40 0 0 0
Tower 0 22 4 0 6 -66 -210 3.8 3.8 40 0 0 0
Tower 0 22 5 0 6 -62 -210 3.8 3.8 40 0 0 0
Tower 0 22 6 0 6 -58 -210 3.8 3.8 40 0 0 0
Tower 0 22 7 0 6 -54 -210 3.8 3.8 40 0 0 0
Tower 0 22 34 0 6 54 -210 3.8 3.8 40 0 0 0
Tower 0 22 35 0 6 58 -210 3.8 3.8 40 0 0 0
Tower 0 22 36 0 6 62 -210 3.8 3.8 40 0 0 0
Tower 0 22 37 0 6 66 -210 3.8 3.8 40 0 0 0
Tower 0 22 38 0 6 70 -210 3.8 3.8 40 0 0 0
Tower 0 22 39 0 6 74 -210 3.8 3.8 40 0 0 0
Tower 0 22 40 0 6 78 -210 3.8 3.8 40 0 0 0
Tower 0 22 41 0 6 82 -210 3.8 3.8 40 0 0 0
Tower 0 23 0 0 10 -82 -210 3.8 3.8 40 0 0 0
Tower 0 23 1 0 10 -78 -210 3.8 3.8 40 0 0 0
Tower 0 23 2 0 10 -74 -210 3.8 3.8 40 0 0 0
Tower 0 23 3 0 10 -70 -210 3.8 3.8 40 0 0 0
Tower 0 23 4 0 10 -66 -210 3.8 3.8 40 0 0 0
Tower 0 23 5 0 10 -62 -210 3.8 3.8 40 0 0 0
Tower 0 23 6 0 10 -58 -210 3.8 3.8 40 0 0 0
Tower 0 23 7 0 10 -54 -210 3.8 3.8 40 0 0 0
Tower 0 23 34 0 10 54 -210 3.8 3.8 40 0 0 0
Tower 0 23 35 0 10 58 -210 3.8 3.8 40 0 0 0
Tower 0 23 36 0 10 62 -210 3.8 3.8 40 0 0 0
Tower 0 23 37 0 10 66 -210 3.8 3.8 40 0 0 0
Tower 0 23 38 0 10 70 -210 3.8 3.8 40 0 0 0
Tower 0 23 39 0 10 74 -210 3.8 3.8 40 0 0 0
Tower 0 23 40 0 10 78 -210 3.8 3.8 40 0 0 0
Tower 0 23 41 0 10 82 -210 3.8 3.8 40 0 0 0
Tower 0 24 0 0 14 -82 -210 3.8 3.8 40 0 0 0
Tower 0 24 1 0 14 -78 -210 3.8 3.8 40 0 0 0
Tower 0 24 2 0 14 -74 -210 3.8 3.8 40 0 0 0
Tower 0 24 3 0 14 -70 -210 3.8 3.8 40 0 0 0
Tower 0 24 4 0 14 -66 -210 3.8 3.8 40 0 0 0
Tower 0 24 5 0 14 -62 -210 3.8 3.8 40 0 0 0
Tower 0 24 6 0 14 -58 -210 3.8 3.8 40 0 0 0
Tower 0 24 7 0 14 -54 -210 3.8 3.8 40 0 0 0
Tower 0 24 34 0 14 54 -210 3.8 3.8 40 0 0 0
Tower 0 24 35 0 14 58 -210 3.8 3.8 40 0 0 0
Tower 0 24 36 0 14 62 -210 3.8 3.8 40 0 0 0
Tower 0 24 37 0 14 66 -210 3.8 3.8 40 0 0 0
Tower 0 24 38 0 14 70 -210 3.8 3.8 40 0 0 0
Tower 0 24 39 0 14 74 -210 3.8 3.8 40 0 0 0
Tower 0 24 40 0 14 78 -210 3.8 3.8 40 0 0 0
Tower 0 24 41 0 14 82 -210 3.8 3.8 40 0 0 0
Tower 0 25 0 0 18 -82 -210 3.8 3.8 40 0 0 0
Tower 0 25 1 0 18 -78 -210 3.8 3.8 40 0 0 0
Tower 0 25 2 0 18 -74 -210 3.8 3.8 40 0 0 0
Tower 0 25 3 0 18 -70 -210 3.8 3.8 40 0 0 0
Tower 0 25 4 0 18 -66 -210 3.8 3.8 40 0 0 0
Tower 0 25 5 0 18 -62 -210 3.8 3.8 40 0 0 0
Tower 0 25 6 0 18 -58 -210 3.8 3.8 40 0 0 0
Tower 0 25 7 0 18 -54 -210 3.8 3.8 40 0 0 0
Tower 0 25 8 0 18 -50 -210 3.8 3.8 40 0 0 0
Tower 0 25 33 0 18 50 -210 3.8 3.8 40 0 0 0
Tower 0 25 34 0 18 54 -210 3.8 3.8 40 0 0 0
Tower 0 25 35 0 18 58 -210 3.8 3.8 40 0 0 0
Tower 0 25 36 0 18 62 -210 3.8 3.8 40 0 0 0
Tower 0 25 37 0 18 66 -210 3.8 3.8 40 0 0 0
Tower 0 25 38 0 18 70 -210 3.8 3.8 40 0 0 0
Tower 0 25 39 0 18 74 -210 3.8 3.8 40 0 0 0
Tower 0 25 40 0 18 78 -210 3.8 3.8 40 0 0 0
Tower 0 25 41 0 18 82 -210 3.8 3.8 40 0 0 0
Tower 0 26 0 0 22 -82 -210 3.8 3.8 40 0 0 0
Tower 0 26 1 0 22 -78 -210 3.8 3.8 40 0 0 0
Tower 0 26 2 0 22 -74 -210 3.8 3.8 40 0 0 0
Tower 0 26 3 0 22 -70 -210 3.8 3.8 40 0 0 0
Tower 0 26 4 0 22 -66 -210 3.8 3.8 40 0 0 0
Tower 0 26 5 0 22 -62 -210 3.8 3.8 40 0 0 0
Tower 0 26 6 0 22 -58 -210 3.8 3.8 40 0 0 0
Tower 0 26 7 0 22 -54 -210 3.8 3.8 40 0 0 0
Tower 0 26 8 0 22 -50 -210 3.8 3.8 40 0 0 0
Tower 0 26 33 0 22 50 -210 3.8 3.8 40 0 0 0
Tower 0 26 34 0 22 54 -210 3.8 3.8 40 0 0 0
Tower 0 26 35 0 22 58 -210 3.8 3.8 40 0 0 0
Tower 0 26 36 0 22 62 -210 3.8 3.8 40 0 0 0
Tower 0 26 37 0 22 66 -210 3.8 3.8 40 0 0 0
Tower 0 26 38 0 22 70 -210 3.8 3.8 40 0 0 0
Tower 0 26 39 0 22 74 -210 3.8 3.8 40 0 0 0
Tower 0 26 40 0 22 78 -210 3.8 3.8 40 0 0 0
Tower 0 26 41 0 22 82 -210 3.8 3.8 40 0 0 0
Tower 0 27 1 0 26 -78 -210 3.8 3.8 40 0 0 0
Tower 0 27 2 0 26 -74 -210 3.8 3.8 40 0 0 0
Tower 0 27 3 0 26 -70 -210 3.8 3.8 40 0 0 0
Tower 0 27 4 0 26 -66 -210 3.8 3.8 40 0 0 0
Tower 0 27 5 0 26 -62 -210 3.8 3.8 40 0 0 0
Tower 0 27 6 0 26 -58 -210 3.8 3.8 40 0 0 0
Tower 0 27 7 0 26 -54 -210 3.8 3.8 40 0 0 0
Tower 0 27 8 0 26 -50 -210 3.8 3.8 40 0 0 0
Tower 0 27 33 0 26 50 -210 3.8 3.8 40 0 0 0
Tower 0 27 34 0 26 54 -210 3.8 3.8 40 0 0 0
Tower 0 27 35 0 26 58 -210 3.8 3.8 40 0 0 0
Tower 0 27 36 0 26 62 -210 3.8 3.8 40 0 0 0
Tower 0 27 37 0 26 66 -210 3.8 3.8 40 0 0 0
Tower 0 27 38 0 26 70 -210 3.8 3.8 40 0 0 0
Tower 0 27 39 0 26 74 -210 3.8 3.8 40 0 0 0
Tower 0 27 40 0 26 78 -210 3.8 3.8 40 0 0 0
Tower 0 28 1 0 30 -78 -210 3.8 3.8 40 0 0 0
Tower 0 28 2 0 30 -74 -210 3.8 3.8 40 0 0 0
Tower 0 28 3 0 30 -70 -210 3.8 3.8 40 0 0 0
Tower 0 28 4 0 30 -66 -210 3.8 3.8 40 0 0 0
Tower 0 28 5 0 30 -62 -210 3.8 3.8 40 0 0 0
Tower 0 28 6 0 30 -58 -210 3.8 3.8 40 0 0 0
Tower 0 28 7 0 30 -54 -210 3.8 3.8 40 0 0 0
Tower 0 28 8 0 30 -50 -210 3.8 3.8 40 0 0 0
Tower 0 28 9 0 30 -46 -210 3.8 3.8 40 0 0 0
Tower 0 28 32 0 30 46 -210 3.8 3.8 40 0 0 0
Tower 0 28 33 0 30 50 -210 3.8 3.8 40 0 0 0
Tower 0 28 34 0 30 54 -210 3.8 3.8 40 0 0 0
Tower 0 28 35 0 30 58 -210 3.8 3.8 40 0 0 0
Tower 0 28 36 0 30 62 -210 3.8 3.8 40 0 0 0
Tower 0 28 37 0 30 66 -210 3.8 3.8 40 0 0 0
Tower 0 28 38 0 30 70 -210 3.8 3.8 40 0 0 0
Tower 0 28 39 0 30 74 -210 3.8 3.8 40 0 0 0
Tower 0 28 40 0 30 78 -210 3.8 3.8 40 0 0 0
Tower 0 29 2 0 34 -74 -210 3.8 3.8 40 0 0 0
Tower 0 29 3 0 34 -70 -210 3.8 3.8 40 0 0 0
Tower 0 29 4 0 34 -66 -210 3.8 3.8 40 0 0 0
Tower 0 29 5 0 34 -62 -210 3.8 3.8 40 0 0 0
Tower 0 29 6 0 34 -58 -210 3.8 3.8 40 0 0 0
Tower 0 29 7 0 34 -54 -210 3.8 3.8 40 0 0 0
Tower 0 29 8 0 34 -50 -210 3.8 3.8 40 0 0 0
Tower 0 29 9 0 34 -46 -210 3.8 3.8 40 0 0 0
Tower 0 29 10 0 34 -42 -210 3.8 3.8 40 0 0 0
Tower 0 29 31 0 34 42 -210 3.8 3.8 40 0 0 0
Tower 0 29 32 0 34 46 -210 3.8 3.8 40 0 0 0
Tower 0 29 33 0 34 50 -210 3.8 3.8 40 0 0 0
Tower 0 29 34 0 34 54 -210 3.8 3.8 40 0 0 0
Tower 0 29 35 0 34 58 -210 3.8 3.8 40 0 0 0
Tower 0 29 36 0 34 62 -210 3.8 3.8 40 0 0 0
Tower 0 29 37 0 34 66 -210 3.8 3.8 40 0 0 0
Tower 0 29 38 0 34 70 -210 3.8 3.8 40 0 0 0
Tower 0 29 39 0 34 74 -210 3.8 3.8 40 0 0 0
Tower 0 30 2 0 38 -74 -210 3.8 3.8 40 0 0 0
Tower 0 30 3 0 38 -70 -210 3.8 3.8 40 0 0 0
Tower 0 30 4 0 38 -66 -210 3.8 3.8 40 0 0 0
Tower 0 30 5 0 38 -62 -210 3.8 3.8 40 0 0 0
Tower 0 30 6 0 38 -58 -210 3.8 3.8 40 0 0 0
Tower 0 30 7 0 38 -54 -210 3.8 3.8 40 0 0 0
Tower 0 30 8 0 38 -50 -210 3.8 3.8 40 0 0 0
Tower 0 30 9 0 38 -46 -210 3.8 3.8 40 0 0 0
Tower 0 30 10 0 38 -42 -210 3.8 3.8 40 0 0 0
Tower 0 30 11 0 38 -38 -210 3.8 3.8 40 0 0 0
Tower 0 30 30 0 38 38 -210 3.8 3.8 40 0 0 0
Tower 0 30 31 0 38 42 -210 3.8 3.8 40 0 0 0
Tower 0 30 32 0 38 46 -210 3.8 3.8 40 0 0 0
Tower 0 30 33 0 38 50 -210 3.8 3.8 40 0 0 0
Tower 0 30 34 0 38 54 -210 3.8 3.8 40 0 0 0
Tower 0 30 35 0 38 58 -210 3.8 3.8 40 0 0 0
Tower 0 30 36 0 38 62 -210 3.8 3.8 40 0 0 0
Tower 0 30 37 0 38 66 -210 3.8 3.8 40 0 0 0
Tower 0 30 38 0 38 70 -210 3.8 3.8 40 0 0 0
Tower 0 30 39 0 38 74 -210 3.8 3.8 40 0 0 0
Tower 0 31 3 0 42 -70 -210 3.8 3.8 40 0 0 0
Tower 0 31 4 0 42 -66 -210 3.8 3.8 40 0 0 0
Tower 0 31 5 0 42 -62 -210 3.8 3.8 40 0 0 0
Tower 0 31 6 0 42 -58 -210 3.8 3.8 40 0 0 0
Tower 0 31 7 0 42 -54 -210 3.8 3.8 40 0 0 0
Tower 0 31 8 0 42 -50 -210 3.8 3.8 40 0 0 0
Tower 0 31 9 0 42 -46 -210 3.8 3.8 40 0 0 0
Tower 0 31 10 0 42 -42 -210 3.8 3.8 40 0 0 0
Tower 0 31 11 0 42 -38 -210 3.8 3.8 40 0 0 0
Tower 0 31 12 0 42 -34 -210 3.8 3.8 40 0 0 0
Tower 0 31 29 0 42 34 -210 3.8 3.8 40 0 0 0
Tower 0 31 30 0 42 38 -210 3.8 3.8 40 0 0 0
Tower 0 31 31 0 42 42 -210 3.8 3.8 40 0 0 0
Tower 0 31 32 0 42 46 -210 3.8 3.8 40 0 0 0
Tower 0 31 33 0 42 50 -210 3.8 3.8 40 0 0 0
Tower 0 31 34 0 42 54 -210 3.8 3.8 40 0 0 0
Tower 0 31 35 0 42 58 -210 3.8 3.8 40 0 0 0
Tower 0 31 36 0 42 62 -210 3.8 3.8 40 0 0 0
Tower 0 31 37 0 42 66 -210 3.8 3.8 40 0 0 0
Tower 0 31 38 0 42 70 -210 3.8 3.8 40 0 0 0
Tower 0 32 3 0 46 -70 -210 3.8 3.8 40 0 0 0
Tower 0 32 4 0 46 -66 -210 3.8 3.8 40 0 0 0
Tower 0 32 5 0 46 -62 -210 3.8 3.8 40 0 0 0
Tower 0 32 6 0 46 -58 -210 3.8 3.8 40 0 0 0
Tower 0 32 7 0 46 -54 -210 3.8 3.8 40 0 0 0
Tower 0 32 8 0 46 -50 -210 3.8 3.8 40 0 0 0
Tower 0 32 9 0 46 -46 -210 3.8 3.8 40 0 0 0
Tower 0 32 10 0 46 -42 -210 3.8 3.8 40 0 0 0
Tower 0 32 11 0 46 -38 -210 3.8 3.8 40 0 0 0
Tower 0 32 12 0 46 -34 -210 3.8 3.8 40 0 0 0
Tower 0 32 13 0 46 -30 -210 3.8 3.8 40 0 0 0
Tower 0 32 28 0 46 30 -210 3.8 3.8 40 0 0 0
Tower 0 32 29 0 46 34 -210 3.8 3.8 40 0 0 0
Tower 0 32 30 0 46 38 -210 3.8 3.8 40 0 0 0
Tower 0 32 31 0 46 42 -210 3.8 3.8 40 0 0 0
Tower 0 32 32 0 46 46 -210 3.8 3.8 40 0 0 0
Tower 0 32 33 0 46 50 -210 3.8 3.8 40 0 0 0
Tower 0 32 34 0 46 54 -210 3.8 3.8 40 0 0 0
Tower 0 32 35 0 46 58 -210 3.8 3.8 40 0 0 0
Tower 0 32 36 0 46 62 -210 3.8 3.8 40 0 0 0
Tower 0 32 37 0 46 66 -210 3.8 3.8 40 0 0 0
Tower 0 32 38 0 46 70 -210 3.8 3.8 40 0 0 0
Tower 0 33 4 0 50 -66 -210 3.8 3.8 40 0 0 0
Tower 0 33 5 0 50 -62 -210 3.8 3.8 40 0 0 0
Tower 0 33 6 0 50 -58 -210 3.8 3.8 40 0 0 0
Tower 0 33 7 0 50 -54 -210 3.8 3.8 40 0 0 0
Tower 0 33 8 0 50 -50 -210 3.8 3.8 40 0 0 0
Tower 0 33 9 0 50 -46 -210 3.8 3.8 40 0 0 0
Tower 0 33 10 0 50 -42 -210 3.8 3.8 40 0 0 0
Tower 0 33 11 0 50 -38 -210 3.8 3.8 40 0 0 0
Tower 0 33 12 0 50 -34 -210 3.8 3.8 40 0 0 0
Tower 0 33 13 0 50 -30 -210 3.8 3.8 40 0 0 0
Tower 0 33 14 0 50 -26 -210 3.8 3.8 40 0 0 0
Tower 0 33 15 0 50 -22 -210 3.8 3.8 40 0 0 0
Tower 0 33 16 0 50 -18 -210 3.8 3.8 40 0 0 0
Tower 0 33 25 0 50 18 -210 3.8 3.8 40 0 0 0
Tower 0 33 26 0 50 22 -210 3.8 3.8 40 0 0 0
Tower 0 33 27 0 50 26 -210 3.8 3.8 40 0 0 0
Tower 0 33 28 0 50 30 -210 3.8 3.8 40 0 0 0
Tower 0 33 29 0 50 34 -210 3.8 3.8 40 0 0 0
Tower 0 33 30 0 50 38 -210 3.8 3.8 40 0 0 0
Tower 0 33 31 0 50 42 -210 3.8 3.8 40 0 0 0
Tower 0 33 32 0 50 46 -210 3.8 3.8 40 0 0 0
Tower 0 33 33 0 50 50 -210 3.8 3.8 40 0 0 0
Tower 0 33 34 0 50 54 -210 3.8 3.8 40 0 0 0
Tower 0 33 35 0 50 58 -210 3.8 3.8 40 0 0 0
Tower 0 33 36 0 50 62 -210 3.8 3.8 40 0 0 0
Tower 0 33 37 0 50 66 -210 3.8 3.8 40 0 0 0
Tower 0 34 5 0 54 -62 -210 3.8 3.8 40 0 0 0
Tower 0 34 6 0 54 -58 -210 3.8 3.8 40 0 0 0
Tower 0 34 7 0 54 -54 -210 3.8 3.8 40 0 0 0
Tower 0 34 8 0 54 -50 -210 3.8 3.8 40 0 0 0
Tower 0 34 9 0 54 -46 -210 3.8 3.8 40 0 0 0
Tower 0 34 10 0 54 -42 -210 3.8 3.8 40 0 0 0
Tower 0 34 11 0 54 -38 -210 3.8 3.8 40 0 0 0
Tower 0 34 12 0 54 -34 -210 3.8 3.8 40 0 0 0
Tower 0 34 13 0 54 -30 -210 3.8 3.8 40 0 0 0
Tower 0 34 14 0 54 -26 -210 3.8 3.8 40 0 0 0
Tower 0 34 15 0 54 -22 -210 3.8 3.8 40 0 0 0
Tower 0 34 16 0 54 -18 -210 3.8 3.8 40 0 0 0
Tower 0 34 17 0 54 -14 -210 3.8 3.8 40 0 0 0
Tower 0 34 18 0 54 -10 -210 3.8 3.8 40 0 0 0
Tower 0 34 19 0 54 -6 -210 3.8 3.8 40 0 0 0
Tower 0 34 20 0 54 -2 -210 3.8 3.8 40 0 0 0
Tower 0 34 21 0 54 2 -210 3.8 3.8 40 0 0 0
Tower 0 34 22 0 54 6 -210 3.8 3.8 40 0 0 0
Tower 0 34 23 0 54 10 -210 3.8 3.8 40 0 0 0
Tower 0 34 24 0 54 14 -210 3.8 3.8 40 0 0 0
Tower 0 34 25 0 54 18 -210 3.8 3.8 40 0 0 0
Tower 0 34 26 0 54 22 -210 3.8 3.8 40 0 0 0
Tower 0 34 27 0 54 26 -210 3.8 3.8 40 0 0 0
Tower 0 34 28 0 54 30 -210 3.8 3.8 40 0 0 0
Tower 0 34 29 0 54 34 -210 3.8 3.8 40 0 0 0
Tower 0 34 30 0 54 38 -210 3.8 3.8 40 0 0 0
Tower 0 34 31 0 54 42 -210 3.8 3.8 40 0 0 0
Tower 0 34 32 0 54 46 -210 3.8 3.8 40 0 0 0
Tower 0 34 33 0 54 50 -210 3.8 3.8 40 0 0 0
Tower 0 34 34 0 54 54 -210 3.8 3.8 40 0 0 0
Tower 0 34 35 0 54 58 -210 3.8 3.8 40 0 0 0
Tower 0 34 36 0 54 62 -210 3.8 3.8 40 0 0 0
Tower 0 35 5 0 58 -62 -210 3.8 3.8 40 0 0 0
Tower 0 35 6 0 58 -58 -210 3.8 3.8 40 0 0 0
Tower 0 35 7 0 58 -54 -210 3.8 3.8 40 0 0 0
Tower 0 35 8 0 58 -50 -210 3.8 3.8 40 0 0 0
Tower 0 35 9 0 58 -46 -210 3.8 3.8 40 0 0 0
Tower 0 35 10 0 58 -42 -210 3.8 3.8 40 0 0 0
Tower 0 35 11 0 58 -38 -210 3.8 3.8 40 0 0 0
Tower 0 35 12 0 58 -34 -210 3.8 3.8 40 0 0 0
Tower 0 35 13 0 58 -30 -210 3.8 3.8 40 0 0 0
Tower 0 35 14 0 58 -26 -210 3.8 3.8 40 0 0 0
Tower 0 35 15 0 58 -22 -210 3.8 3.8 40 0 0 0
Tower 0 35 16 0 58 -18 -210 3.8 3.8 40 0 0 0
Tower 0 35 17 0 58 -14 -210 3.8 3.8 40 0 0 0
Tower 0 35 18 0 58 -10 -210 3.8 3.8 40 0 0 0
Tower 0 35 19 0 58 -6 -210 3.8 3.8 40 0 0 0
Tower 0 35 20 0 58 -2 -210 3.8 3.8 40 0 0 0
Tower 0 35 21 0 58 2 -210 3.8 3.8 40 0 0 0
Tower 0 35 22 0 58 6 -210 3.8 3.8 40 0 0 0
Tower 0 35 23 0 58 10 -210 3.8 3.8 40 0 0 0
Tower 0 35 24 0 58 14 -210 3.8 3.8 40 0 0 0
Tower 0 35 25 0 58 18 -210 3.8 3.8 40 0 0 0
Tower 0 35 26 0 58 22 -210 3.8 3.8 40 0 0 0
Tower 0 35 27 0 58 26 -210 3.8 3.8 40 0 0 0
Tower 0 35 28 0 58 30 -210 3.8 3.8 40 0 0 0
Tower 0 35 29 0 58 34 -210 3.8 3.8 40 0 0 0
Tower 0 35 30 0 58 38 -210 3.8 3.8 40 0 0 0
Tower 0 35 31 0 58 42 -210 3.8 3.8 40 0 0 0
Tower 0 35 32 0 58 46 -210 3.8 3.8 40 0 0 0
Tower 0 35 33 0 58 50 -210 3.8 3.8 40 0 0 0
Tower 0 35 34 0 58 54 -210 3.8 3.8 40 0 0 0
Tower 0 35 35 0 58 58 -210 3.8 3.8 40 0 0 0
Tower 0 35 36 0 58 62 -210 3.8 3.8 40 0 0 0
Tower 0 36 6 0 62 -58 -210 3.8 3.8 40 0 0 0
Tower 0 36 7 0 62 -54 -210 3.8 3.8 40 0 0 0
Tower 0 36 8 0 62 -50 -210 3.8 3.8 40 0 0 0
Tower 0 36 9 0 62 -46 -210 3.8 3.8 40 0 0 0
Tower 0 36 10 0 62 -42 -210 3.8 3.8 40 0 0 0
Tower 0 36 11 0 62 -38 -210 3.8 3.8 40 0 0 0
Tower 0 36 12 0 62 -34 -210 3.8 3.8 40 0 0 0
Tower 0 36 13 0 62 -30 -210 3.8 3.8 40 0 0 0
Tower 0 36 14 0 62 -26 -210 3.8 3.8 40 0 0 0
Tower 0 36 15 0 62 -22 -210 3.8 3.8 40 0 0 0
Tower 0 36 16 0 62 -18 -210 3.8 3.8 40 0 0 0
Tower 0 36 17 0 62 -14 -210 3.8 3.8 40 0 0 0
Tower 0 36 18 0 62 -10 -210 3.8 3.8 40 0 0 0
Tower 0 36 19 0 62 -6 -210 3.8 3.8 40 0 0 0
Tower 0 36 20 0 62 -2 -210 3.8 3.8 40 0 0 0
Tower 0 36 21 0 62 2 -210 3.8 3.8 40 0 0 0
Tower 0 36 22 0 62 6 -210 3.8 3.8 40 0 0 0
Tower 0 36 23 0 62 10 -210 3.8 3.8 40 0 0 0
Tower 0 36 24 0 62 14 -210 3.8 3.8 40 0 0 0
Tower 0 36 25 0 62 18 -210 3.8 3.8 40 0 0 0
Tower 0 36 26 0 62 22 -210 3.8 3.8 40 0 0 0
Tower 0 36 27 0 62 26 -210 3.8 3.8 40 0 0 0
Tower 0 36 28 0 62 30 -210 3.8 3.8 40 0 0 0
Tower 0 36 29 0 62 34 -210 3.8 3.8 40 0 0 0
Tower 0 36 30 0 62 38 -210 3.8 3.8 40 0 0 0
Tower 0 36 31 0 62 42 -210 3.8 3.8 40 0 0 0
Tower 0 36 32 0 62 46 -210 3.8 3.8 40 0 0 0
Tower 0 36 33 0 62 50 -210 3.8 3.8 40 0 0 0
Tower 0 36 34 0 62 54 -210 3.8 3.8 40 0 0 0
Tower 0 36 35 0 62 58 -210 3.8 3.8 40 0 0 0
Tower 0 37 8 0 66 -50 -210 3.8 3.8 40 0 0 0
Tower 0 37 9 0 66 -46 -210 3.8 3.8 40 0 0 0
Tower 0 37 10 0 66 -42 -210 3.8 3.8 40 0 0 0
Tower 0 37 11 0 66 -38 -210 3.8 3.8 40 0 0 0
Tower 0 37 12 0 66 -34 -210 3.8 3.8 40 0 0 0
Tower 0 37 13 0 66 -30 -210 3.8 3.8 40 0 0 0
Tower 0 37 14 0 66 -26 -210 3.8 3.8 40 0 0 0
Tower 0 37 15 0 66 -22 -210 3.8 3.8 40 0 0 0
Tower 0 37 16 0 66 -18 -210 3.8 3.8 40 0 0 0
Tower 0 37 17 0 66 -14 -210 3.8 3.8 40 0 0 0
Tower 0 37 18 0 66 -10 -210 3.8 3.8 40 0 0 0
Tower 0 37 19 0 66 -6 -210 3.8 3.8 40 0 0 0
Tower 0 37 20 0 66 -2 -210 3.8 3.8 40 0 0 0
Tower 0 37 21 0 66 2 -210 3.8 3.8 40 0 0 0
Tower 0 37 22 0 66 6 -210 3.8 3.8 40 0 0 0
Tower 0 37 23 0 66 10 -210 3.8 3.8 40 0 0 0
Tower 0 37 24 0 66 14 -210 3.8 3.8 40 0 0 0
Tower 0 37 25 0 66 18 -210 3.8 3.8 40 0 0 0
Tower 0 37 26 0 66 22 -210 3.8 3.8 40 0 0 0
Tower 0 37 27 0 66 26 -210 3.8 3.8 40 0 0 0
Tower 0 37 28 0 66 30 -210 3.8 3.8 40 0 0 0
Tower 0 37 29 0 66 34 -210 3.8 3.8 40 0 0 0
Tower 0 37 30 0 66 38 -210 3.8 3.8 40 0 0 0
Tower 0 37 31 0 66 42 -210 3.8 3.8 40 0 0 0
Tower 0 37 32 0 66 46 -210 3.8 3.8 40 0 0 0
Tower 0 37 33 0 66 50 -210 3.8 3.8 40 0 0 0
Tower 0 38 9 0 70 -46 -210 3.8 3.8 40 0 0 0
Tower 0 38 10 0 70 -42 -210 3.8 3.8 40 0 0 0
Tower 0 38 11 0 70 -38 -210 3.8 3.8 40 0 0 0
Tower 0 38 12 0 70 -34 -210 3.8 3.8 40 0 0 0
Tower 0 38 13 0 70 -30 -210 3.8 3.8 40 0 0 0
Tower 0 38 14 0 70 -26 -210 3.8 3.8 40 0 0 0
Tower 0 38 15 0 70 -22 -210 3.8 3.8 40 0 0 0
Tower 0 38 16 0 70 -18 -210 3.8 3.8 40 0 0 0
Tower 0 38 17 0 70 -14 -210 3.8 3.8 40 0 0 0
Tower 0 38 18 0 70 -10 -210 3.8 3.8 40 0 0 0
Tower 0 38 19 0 70 -6 -210 3.8 3.8 40 0 0 0
Tower 0 38 20 0 70 -2 -210 3.8 3.8 40 0 0 0
Tower 0 38 21 0 70 2 -210 3.8 3.8 40 0 0 0
Tower 0 38 22 0 70 6 -210 3.8 3.8 40 0 0 0
Tower 0 38 23 0 70 10 -210 3.8 3.8 40 0 0 0
Tower 0 38 24 0 70 14 -210 3.8 3.8 40 0 0 0
Tower 0 38 25 0 70 18 -210 3.8 3.8 40 0 0 0
Tower 0 38 26 0 70 22 -210 3.8 3.8 40 0 0 0
Tower 0 38 27 0 70 26 -210 3.8 3.8 40 0 0 0
Tower 0 38 28 0 70 30 -210 3.8 3.8 40 0 0 0
Tower 0 38 29 0 70 34 -210 3.8 3.8 40 0 0 0
Tower 0 38 30 0 70 38 -210 3.8 3.8 40 0 0 0
Tower 0 38 31 0 70 42 -210 3.8 3.8 40 0 0 0
Tower 0 38 32 0 70 46 -210 3.8 3.8 40 0 0 0
Tower 0 39 11 0 74 -38 -210 3.8 3.8 40 0 0 0
Tower 0 39 12 0 74 -34 -210 3.8 3.8 40 0 0 0
Tower 0 39 13 0 74 -30 -210 3.8 3.8 40 0 0 0
Tower 0 39 14 0 74 -26 -210 3.8 3.8 40 0 0 0
Tower 0 39 15 0 74 -22 -210 3.8 3.8 40 0 0 0
Tower 0 39 16 0 74 -18 -210 3.8 3.8 40 0 0 0
Tower 0 39 17 0 74 -14 -210 3.8 3.8 40 0 0 0
Tower 0 39 18 0 74 -10 -210 3.8 3.8 40 0 0 0
Tower 0 39 19 0 74 -6 -210 3.8 3.8 40 0 0 0
Tower 0 39 20 0 74 -2 -210 3.8 3.8 40 0 0 0
Tower 0 39 21 0 74 2 -210 3.8 3.8 40 0 0 0
Tower 0 39 22 0 74 6 -210 3.8 3.8 40 0 0 0
Tower 0 39 23 0 74 10 -210 3.8 3.8 40 0 0 0
Tower 0 39 24 0 74 14 -210 3.8 3.8 40 0 0 0
Tower 0 39 25 0 74 18 -210 3.8 3.8 40 0 0 0
Tower 0 39 26 0 74 22 -210 3.8 3.8 40 0 0 0
Tower 0 39 27 0 74 26 -210 3.8 3.8 40 0 0 0
Tower 0 39 28 0 74 30 -210 3.8 3.8 40 0 0 0
Tower 0 39 29 0 74 34 -210 3.8 3.8 40 0 0 0
Tower 0 39 30 0 74 38 -210 3.8 3.8 40 0 0 0
Tower 0 40 13 0 78 -30 -210 3.8 3.8 40 0 0 0
Tower 0 40 14 0 78 -26 -210 3.8 3.8 40 0 0 0
Tower 0 40 15 0 78 -22 -210 3.8 3.8 40 0 0 0
Tower 0 40 16 0 78 -18 -210 3.8 3.8 40 0 0 0
Tower 0 40 17 0 78 -14 -210 3.8 3.8 40 0 0 0
Tower 0 40 18 0 78 -10 -210 3.8 3.8 40 0 0 0
Tower 0 40 19 0 78 -6 -210 3.8 3.8 40 0 0 0
Tower 0 40 20 0 78 -2 -210 3.8 3.8 40 0 0 0
Tower 0 40 21 0 78 2 -210 3.8 3.8 40 0 0 0
Tower 0 40 22 0 78 6 -210 3.8 3.8 40 0 0 0
Tower 0 40 23 0 78 10 -210 3.8 3.8 40 0 0 0
Tower 0 40 24 0 78 14 -210 3.8 3.8 40 0 0 0
Tower 0 40 25 0 78 18 -210 3.8 3.8 40 0 0 0
Tower 0 40 26 0 78 22 -210 3.8 3.8 40 0 0 0
Tower 0 40 27 0 78 26 -210 3.8 3.8 40 0 0 0
Tower 0 40 28 0 78 30 -210 3.8 3.8 40 0 0 0
Tower 0 41 15 0 82 -22 -210 3.8 3.8 40 0 0 0
Tower 0 41 16 0 82 -18 -210 3.8 3.8 40 0 0 0
Tower 0 41 17 0 82 -14 -210 3.8 3.8 40 0 0 0
Tower 0 41 18 0 82 -10 -210 3.8 3.8 40 0 0 0
Tower 0 41 19 0 82 -6 -210 3.8 3.8 40 0 0 0
Tower 0 41 20 0 82 -2 -210 3.8 3.8 40 0 0 0
Tower 0 41 21 0 82 2 -210 3.8 3.8 40 0 0 0
Tower 0 41 22 0 82 6 -210 3.8 3.8 40 0 0 0
Tower 0 41 23 0 82 10 -210 3.8 3.8 40 0 0 0
Tower 0 41 24 0 82 14 -210 3.8 3.8 40 0 0 0
Tower 0 41 25 0 82 18 -210 3.8 3.8 40 0 0 0
Tower 0 41 26 0 82 22 -210 3.8 3.8 40 0 0 0
