1000 100 5 1.38143 0.000180331 0.0136848 0.975387 0.0005 99900
1000 100 5 1.48831 0.000179305 0.0125953 0.980449 0.0005 99900
1000 100 5 1.27796 0.000253575 0.0207889 0.961358 0.0005 99900
1000 100 5 1.39925 0.000184704 0.0138369 0.975284 0.0005 99900
1000 100 5 1.44019 0.000170984 0.0124206 0.975767 0.0005 99900
10000 500 5 1.29301 9.71608e-05 0.00790465 0.990181 0.0005 1260562
10000 500 5 1.47667 8.97816e-05 0.00636778 0.989975 0.0005 1260582
10000 500 5 1.49244 8.2357e-05 0.0057784 0.990078 0.0005 1260558
10000 500 5 1.32247 6.91772e-05 0.00548621 0.99494 0.0005 1260554
10000 500 5 1.37713 7.2812e-05 0.00554455 0.994979 0.0005 1260559
