10000 500 5 12.3098 2.82825e-05 0.000240882 0.999999 0.0005 1261754
10000 500 5 5540.69 0.0125593 0.000237241 0.999997 0.0005 1263373
10000 500 5 5.97897 1.51352e-05 0.000265617 0.999999 0.0005 1261415
10000 500 5 2498.5 0.00568823 0.000239082 1 0.0005 1263219
10000 500 5 4.67639 1.11078e-05 0.000248863 1 0.0005 1261395
1000 100 5 4.90266 0.000118927 0.0025511 0.995032 0.0005 99900
1000 100 5 3.96269 9.04986e-05 0.00239404 0.994995 0.0005 99900
1000 100 5 7.88019 0.000190247 0.00253162 0.994999 0.0005 99900
1000 100 5 3.31695 7.63307e-05 0.00240993 0.995053 0.0005 99900
1000 100 5 4.30943 9.8363e-05 0.0023938 0.995077 0.0005 99900
1000 100 5 32.0124 0.000745512 0.00243393 0.995034 0.0005 99900
1000 100 5 108.198 0.00252188 0.00243654 0.995031 0.0005 99900
1000 100 5 73.167 0.00187663 0.00269188 0.994986 0.0005 99900
1000 100 5 21.3289 0.000501639 0.00246986 0.995019 0.0005 99900
1000 100 5 7.99643 0.00018369 0.00240818 0.995029 0.0005 99900
