500 50 5 2.62541 0.00636646 0.264796 0.356854 0.0005 24950
1000 50 5 2.62532 0.00503376 0.206945 0.488216 0.0005 49950
2000 50 5 2.62949 0.00411924 0.167885 0.5988 0.0005 99950
5000 50 5 2.6251 0.00314494 0.126793 0.679155 0.0005 249950
10000 50 5 2.62718 0.00262327 0.10579 0.722991 0.0005 499950
2000 100 5 2.62281 0.00377388 0.153542 0.601139 0.0005 199900
2000 300 5 2.62906 0.00365171 0.148179 0.630146 0.0005 285879
2000 500 5 2.6302 0.00373896 0.151607 0.60914 0.0005 295800
2000 1000 5 2.62685 0.00370596 0.150129 0.654837 0.0005 317447
2000 2000 5 2.63019 0.00369902 0.149981 0.646717 0.0005 328382
2000 100 10 2.62261 0.00393025 0.160084 0.597472 0.0005 199900
2000 100 15 2.62534 0.00407936 0.165904 0.595342 0.0005 199900
2000 100 20 2.62418 0.00419585 0.170972 0.577683 0.0005 199900
10000 200 5 29.7295 0.0261328 0.0926103 0.780713 0.0005 1315361
10000 200 5 876.437 0.778876 0.0933331 0.766985 0.0005 1315471
10000 200 5 7.96042 0.00709102 0.0938669 0.760056 0.0005 1314657
10000 200 5 89.7085 0.0795798 0.0936546 0.775214 0.0005 1316883
2000 100 5 333.25 0.477644 0.152482 0.626777 0.0005 199900
2000 100 5 42.1066 0.0611538 0.154606 0.621841 0.0005 199900
2000 100 5 8.09388 0.00138273 0.0178931 0.970557 0.0005 199900
2000 100 5 6.53241 7.75052e-05 0.00124302 1 0.0005 199900
2000 100 5 5.81492 6.83976e-05 0.00123366 1 0.0005 199900
2000 100 5 1.47896 6.34763e-05 0.00451596 0.996934 0.0005 199800
2000 100 5 3.58929 0.000157432 0.00461797 0.99695 0.0005 199800
2000 100 5 7.93029 0.000493063 0.00652953 0.996851 0.0005 199800
2000 100 5 4.07631 0.000208449 0.00537469 0.996918 0.0005 199800
2000 100 5 0.274338 1.61213e-05 0.00616213 0.996878 0.0005 199800
2000 100 5 1.31194 6.0097e-07 4.81505e-05 0.999946 0.0005 199800
2000 100 5 1.31194 6.12328e-07 4.90916e-05 0.999945 0.0005 199800
2000 100 5 1.31194 5.82836e-07 4.66299e-05 0.999948 0.0005 199800
2000 100 5 1.31194 5.82081e-07 4.65505e-05 0.999947 0.0005 199800
2000 100 5 1.29862 6.44086e-05 0.00521013 0.996391 0.0005 199800
2000 100 5 1.27619 6.36169e-05 0.00523013 0.996405 0.0005 199800
2000 100 5 1.41769 6.33952e-05 0.00469446 0.996507 0.0005 199800
2000 100 5 1.23608 5.11609e-05 0.00435458 0.996571 0.0005 199800
2000 100 5 1.46058 7.69318e-05 0.00554261 0.996318 0.0005 199800
2000 100 5 5.21632 0.000248615 0.00500646 0.996893 0.0005 199800
2000 100 5 12.9672 0.000834219 0.00675866 0.996845 0.0005 199800
2000 100 5 176.934 0.00746103 0.00443672 0.996928 0.0005 199800
2000 100 5 3.66494 0.000155314 0.00444548 0.996921 0.0005 199800
2000 100 5 4.97756 0.000259281 0.00546324 0.996906 0.0005 199800
