1000 100 5 3.67882 0.00275959 0.0788991 0.824576 0.0005 99900
1000 100 5 18.7735 0.0139914 0.0784237 0.826512 0.0005 99900
1000 100 5 54.9097 0.0413282 0.0791294 0.821138 0.0005 99900
1000 100 5 6.54145 0.00460688 0.0741717 0.821077 0.0005 99900
1000 100 5 146.117 0.107171 0.0771841 0.827028 0.0005 99900
10000 500 5 441.36 0.154326 0.0365743 0.929239 0.0005 1275265
10000 500 5 1370.39 0.456903 0.034967 0.933983 0.0005 1277232
10000 500 5 886.077 0.310907 0.0367823 0.9247 0.0005 1274788
10000 500 5 22.0803 0.00768179 0.036553 0.925758 0.0005 1272196
10000 500 5 14.1185 0.00485277 0.0361705 0.929386 0.0005 1274266
