1000 100 5 21.9161 0.0131043 0.0628709 0.843184 0.0005 99900
1000 100 5 66.916 0.0414696 0.0652391 0.852605 0.0005 99900
1000 100 5 2.48718 0.00153697 0.0652113 0.853108 0.0005 99900
1000 100 5 3.15239 0.00191425 0.0638437 0.853624 0.0005 99900
1000 100 5 231.707 0.144943 0.0658072 0.841764 0.0005 99900
10000 500 5 1002.24 0.233114 0.0244089 0.951916 0.0005 1282462
10000 500 5 2.94763 0.000717424 0.0255142 0.952117 0.0005 1276799
10000 500 5 91.7524 0.0219476 0.0250777 0.952111 0.0005 1279475
10000 500 5 8.11168 0.00191194 0.0246925 0.952151 0.0005 1279982
10000 500 5 96.6273 0.0234237 0.0254072 0.951992 0.0005 1279117
